       0
       0
       0
       0
       0
       0
       0
       0
       0
       0
       0
       0
       0
       0
       0
       0
       0
       0
       0
       0
       0
       0
       0
       0
       0
       0
       0
       0
       0
       0
       0
       0
       0
       0
       0
       0
       0
       0
       0
       0
       0
       0
       0
       0
       0
       0
       0
       1
      10
     158
     262
     286
     266
     265
     275
     267
     279
     283
     229
     256
     248
     267
     249
     207
     239
     273
     222
     226
     258
     225
     247
     241
     241
     245
     239
     223
     226
     234
     220
     225
     222
     184
     222
     220
     207
     212
     204
     212
     217
     215
     217
     205
     218
     217
     201
     213
     210
     175
     188
     217
     194
     223
     181
     216
     184
     210
     172
     180
     186
     198
     205
     200
     181
     204
     216
     236
     210
     207
     208
     196
     184
     196
     183
     173
     187
     203
     193
     197
     177
     183
     188
     167
     203
     222
     243
     246
     191
     202
     181
     197
     209
     198
     197
     198
     205
     181
     198
     207
     192
     203
     240
     204
     233
     344
     315
     216
     237
     398
     423
     281
     219
     200
     207
     225
     219
     215
     201
     226
     184
     199
     179
     219
     204
     225
     180
     214
     253
     295
     306
     243
     204
     228
     253
     235
     230
     197
     196
     180
     207
     225
     192
     203
     291
     383
     382
     311
     238
     213
     215
     222
     219
     234
     196
     209
     213
     210
     242
     218
     223
     213
     199
     209
     207
     251
     221
     210
     214
     238
     210
     238
     218
     201
     227
     225
     211
     229
     235
     243
     205
     226
     216
     233
     233
     199
     254
     228
     211
     230
     207
     232
     217
     233
     234
     212
     242
     213
     223
     247
     225
     211
     236
     223
     259
     215
     249
     224
     235
     241
     252
     217
     262
     256
     222
     233
     233
     249
     245
     262
     230
     239
     276
     250
     218
     236
     243
     231
     238
     251
     264
     259
     239
     239
     241
     235
     244
     254
     229
     252
     253
     268
     241
     221
     242
     223
     267
     234
     254
     300
     276
     260
     276
     230
     266
     256
     240
     226
     228
     232
     211
     245
     258
     241
     229
     236
     228
     238
     244
     230
     234
     232
     253
     227
     232
     223
     217
     204
     218
     231
     239
     223
     252
     245
     214
     230
     241
     224
     237
     228
     229
     197
     211
     212
     246
     228
     223
     227
     222
     219
     235
     232
     223
     209
     238
     220
     223
     209
     226
     206
     212
     205
     249
     208
     199
     212
     211
     215
     233
     229
     218
     199
     205
     222
     226
     232
     219
     238
     188
     204
     226
     219
     230
     255
     326
     319
     224
     199
     194
     197
     208
     231
     207
     221
     204
     213
     205
     187
     188
     227
     185
     183
     189
     197
     213
     202
     183
     171
     234
     192
     191
     176
     197
     169
     213
     190
     217
     202
     189
     208
     172
     185
     183
     187
     204
     196
     184
     182
     218
     190
     169
     172
     186
     170
     187
     183
     211
     184
     185
     176
     183
     150
     177
     173
     187
     165
     157
     173
     189
     189
     202
     169
     192
     172
     167
     170
     184
     173
     185
     175
     174
     191
     175
     174
     172
     166
     172
     152
     176
     182
     156
     173
     171
     183
     161
     163
     185
     176
     176
     172
     170
     187
     156
     157
     201
     164
     175
     174
     155
     143
     176
     229
     228
     176
     173
     171
     179
     142
     166
     155
     136
     162
     155
     146
     155
     168
     146
     155
     140
     148
     178
     166
     178
     142
     155
     127
     145
     145
     146
     154
     139
     140
     145
     157
     162
     147
     148
     140
     140
     144
     154
     147
     156
     149
     142
     157
     120
     141
     131
     138
     131
     127
     126
     156
      99
     142
     127
     140
     126
     145
     134
     126
     128
     134
     131
     158
     118
     145
     119
     121
     131
     126
     124
     106
     127
     119
     153
     123
     147
     127
     138
     122
     119
     129
     132
     133
     101
     105
     137
     119
     106
     119
     114
     126
     129
     139
     101
     112
     105
     120
     109
     107
     111
     133
     111
     144
     137
     116
     134
     119
     122
     126
     116
     111
     116
     128
     133
     147
     115
     125
     124
     119
      95
     124
     116
     105
     117
     101
     118
     109
     109
     117
     130
     109
      93
     102
     113
     126
     121
     111
     108
      89
     121
      92
     108
      90
     104
     114
     102
      90
      93
     119
     107
     113
     114
      98
     110
     109
     106
      85
     121
     130
     102
     106
      83
     102
     106
     109
     109
     112
      93
     110
      87
     101
     109
      98
     112
     100
     113
      95
     115
      96
      94
     106
      90
      93
      81
      86
     101
     100
      96
      94
      99
      96
      93
     102
      80
      99
     112
     103
     107
     103
      95
     108
     119
     101
      91
     107
      85
      96
     101
      99
      95
      71
      87
      79
      87
      96
      96
      87
     100
     101
      95
      80
      74
      89
     122
      96
      75
      91
      96
     130
     119
      96
      79
      82
      95
      77
      90
      91
      89
      94
      83
      94
      76
      86
      97
      81
      85
      96
      90
      81
      88
      92
      81
      81
      85
      84
      80
      94
      68
      95
      83
      83
     102
      87
      81
      84
      86
      84
      70
      65
      93
      85
      73
      83
      74
      78
      87
      79
      73
      71
      86
      63
      67
      70
      78
      81
      85
      83
      74
      72
      77
      69
      91
      86
      87
      92
      82
      95
      79
      69
      75
      84
      64
      83
      87
      76
      58
      70
      78
      91
      89
      81
      74
      55
      84
      73
      88
      73
      78
      79
      73
      78
      80
      91
      74
      85
      71
      82
      55
      62
      62
      81
      93
      79
      76
      83
      69
      80
      77
      66
      70
      67
      67
      77
      61
      85
      72
      74
      78
      71
      72
      68
      76
      87
      73
      73
      56
      73
      85
      61
      70
      71
      68
      75
      73
      57
      65
      74
      63
      64
      68
      67
      66
      68
      73
      73
      58
      74
      72
      61
      95
      69
      73
      61
      72
      60
      66
      67
      76
      77
      59
      67
      64
      72
      61
      71
      80
      62
      67
      65
      68
      85
      62
      56
      82
      65
      73
      91
      64
      59
      62
      73
      65
      50
      74
      60
      62
      65
      61
      53
      59
      63
      70
      68
      59
      72
      71
      73
      68
      59
      65
      65
      50
      61
      69
      60
      79
      54
      66
      69
      76
      58
      56
      64
      68
      86
      67
      85
      66
      70
      69
      83
      60
      58
      72
      64
      72
      53
      63
      54
      58
      67
      63
      53
      63
      64
      64
      64
      67
      53
      81
      60
      58
      70
      55
      48
      67
      62
      71
      62
      62
      54
      55
      49
      61
      68
      56
      56
      62
      51
      67
      57
      68
      56
      51
      44
      54
      74
      69
      67
      55
      65
      56
      56
      59
      57
      53
      62
      69
      64
      48
      55
      62
      55
      63
      60
      59
      55
      65
      67
      58
      72
      58
      56
      55
      49
      54
      55
      68
      59
      55
      60
      65
      53
      49
      47
      53
      51
      54
      56
      57
      54
      58
      43
      63
      55
      69
      74
      90
     133
     164
     180
     209
     198
     151
     108
      72
      68
      72
      58
      48
      52
      42
      54
      60
      46
      55
      62
      52
      54
      64
      59
      52
      47
      62
      52
      49
      51
      52
      47
      39
      50
      51
      53
      50
      52
      59
      62
      51
      62
      49
      48
      53
      54
      51
      61
      58
      68
      49
      57
      44
      47
      60
      55
      45
      46
      60
      42
      49
      60
      45
      66
      57
      52
      53
      57
      51
      50
      45
      42
      50
      37
      53
      59
      51
      52
      50
      39
      45
      52
      36
      56
      47
      56
      54
      45
      43
      53
      63
      43
      54
      44
      57
      47
      62
      64
      42
      58
      47
      44
      51
      56
      53
      45
      47
      56
      44
      48
      56
      47
      50
      43
      48
      48
      47
      46
      39
      43
      59
      34
      55
      40
      51
      46
      51
      50
      44
      50
      30
      38
      53
      37
      44
      44
      41
      40
      43
      46
      49
      47
      45
      49
      55
      33
      53
      45
      37
      53
      79
      78
      50
      50
      35
      50
      42
      58
      39
      46
      42
      51
      56
      53
      34
      53
      44
      53
      47
      42
      34
      48
      42
      49
      53
      54
      52
      43
      47
      42
      54
      35
      53
      42
      44
      47
      54
      45
      56
      38
      59
      46
      47
      47
      41
      34
      47
      45
      56
      49
      41
      45
      75
      85
      78
      60
      51
      54
      44
      54
      37
      44
      35
      46
      41
      44
      32
      32
      37
      42
      44
      37
      35
      53
      48
      40
      47
      38
      50
      50
      37
      43
      42
      46
      38
      35
      42
      43
      41
      43
      42
      44
      46
      35
      40
      39
      44
      38
      37
      54
      36
      42
      45
      53
      46
      33
      49
      42
      43
      25
      46
      39
      42
      32
      49
      41
      44
      48
      37
      38
      41
      42
      38
      44
      42
      46
      43
      63
      42
      35
      47
      37
      42
      31
      38
      32
      47
      34
      44
      41
      40
      35
      49
      42
      43
      52
      45
      43
      43
      36
      54
      39
      40
      45
      52
      46
      46
      41
      87
     116
     109
      63
      54
      39
      39
      40
      40
      35
      45
      33
      32
      40
      42
      31
      48
      42
      48
      44
      47
      38
      44
      43
      33
      47
      36
      40
      37
      42
      29
      35
      33
      30
      36
      39
      43
      36
      45
      46
      31
      49
      35
      39
      30
      31
      34
      31
      32
      41
      37
      57
      42
      42
      44
      31
      42
      47
      31
      45
      38
      26
      42
      49
      36
      36
      46
      35
      39
      56
      31
      32
      52
      31
      35
      43
      34
      35
      35
      44
      31
      34
      30
      38
      36
      37
      41
      39
      32
      42
      33
      42
      43
      45
      45
      39
      40
      44
      50
      30
      30
      28
      29
      34
      30
      28
      36
      44
      39
      44
      30
      36
      28
      40
      31
      46
      43
      40
      39
      41
      39
      39
      33
      40
      36
      38
      39
      52
      40
      40
      35
      36
      49
      36
      51
      43
      42
      37
      34
      28
      35
      39
      45
      48
      35
      36
      46
      30
      26
      29
      45
      36
      22
      33
      40
      30
      37
      41
      31
      30
      43
      37
      34
      45
      48
      47
      32
      45
      37
      34
      41
      28
      28
      31
      48
      39
      39
      33
      40
      35
      38
      39
      35
      30
      35
      29
      45
      36
      41
      21
      40
      41
      27
      41
      23
      40
      40
      39
      28
      37
      38
      37
      40
      37
      31
      30
      42
      36
      27
      25
      36
      39
      34
      41
      45
      36
      43
      47
      39
      28
      38
      25
      38
      34
      37
      33
      34
      34
      28
      42
      27
      34
      32
      41
      36
      36
      24
      47
      32
      34
      28
      41
      33
      34
      27
      33
      28
      42
      31
      34
      26
      27
      36
      41
      42
      31
      34
      31
      30
      32
      40
      24
      33
      30
      40
      31
      31
      37
      36
      32
      43
      34
      36
      36
      29
      30
      20
      33
      27
      44
      25
      34
      29
      22
      39
      36
      31
      36
      38
      31
      26
      36
      36
      34
      39
      30
      46
      34
      32
      30
      31
      28
      32
      33
      27
      31
      31
      32
      37
      27
      37
      30
      35
      28
      27
      26
      43
      25
      37
      43
      26
      41
      35
      35
      22
      32
      39
      30
      34
      25
      25
      24
      29
      35
      24
      30
      33
      37
      32
      33
      22
      34
      34
      19
      31
      25
      33
      28
      29
      30
      38
      41
      29
      29
      31
      23
      35
      27
      35
      42
      31
      33
      35
      42
      34
      27
      28
      31
      31
      29
      43
      24
      30
      32
      32
      20
      37
      22
      26
      31
      25
      28
      23
      35
      27
      23
      38
      33
      30
      29
      25
      38
      24
      35
      32
      35
      32
      33
      32
      33
      30
      42
      26
      23
      32
      36
      46
      30
      25
      29
      31
      41
      24
      36
      39
      23
      33
      26
      32
      28
      29
      36
      36
      37
      30
      31
      20
      37
      39
      38
      29
      31
      20
      29
      25
      28
      28
      29
      33
      30
      26
      34
      33
      28
      28
      32
      25
      23
      22
      41
      38
      26
      32
      25
      29
      23
      29
      26
      24
      40
      27
      27
      40
      23
      35
      31
      26
      30
      31
      30
      25
      24
      20
      32
      29
      30
      30
      33
      35
      29
      48
      26
      29
      26
      27
      29
      25
      30
      30
      32
      24
      27
      28
      33
      33
      20
      34
      21
      19
      22
      22
      26
      31
      22
      37
      29
      33
      55
      47
      33
      28
      27
      28
      32
      30
      33
      33
      27
      26
      29
      33
      28
      32
      40
      31
      33
      26
      27
      30
      28
      21
      27
      29
      25
      24
      26
      31
      29
      25
      27
      26
      27
      34
      27
      33
      34
      40
      22
      28
      30
      20
      34
      22
      35
      44
      32
      28
      29
      22
      27
      16
      26
      32
      26
      22
      25
      37
      25
      24
      34
      29
      21
      30
      28
      36
      25
      27
      32
      22
      36
      29
      30
      25
      37
      24
      34
      34
      34
      15
      22
      28
      23
      21
      19
      27
      32
      32
      35
      22
      23
      26
      24
      32
      21
      31
      28
      26
      26
      27
      33
      26
      20
      27
      31
      29
      29
      33
      23
      32
      21
      24
      40
      23
      33
      39
      51
      41
      20
      31
      24
      26
      18
      22
      27
      28
      28
      20
      26
      27
      30
      28
      27
      33
      28
      21
      25
      23
      35
      16
      32
      29
      27
      20
      24
      26
      31
      26
      24
      25
      32
      18
      34
      22
      27
      29
      29
      18
      22
      24
      23
      34
      22
      30
      27
      25
      21
      22
      26
      17
      34
      22
      32
      28
      26
      29
      28
      30
      29
      26
      27
      34
      23
      28
      24
      25
      29
      26
      23
      22
      18
      30
      16
      28
      26
      43
      13
      23
      31
      23
      21
      25
      25
      23
      24
      31
      26
      25
      24
      30
      26
      28
      27
      26
      23
      21
      21
      29
      25
      33
      24
      23
      30
      18
      22
      22
      28
      32
      20
      30
      24
      25
      30
      25
      22
      22
      29
      26
      21
      26
      21
      23
      24
      26
      23
      19
      25
      27
      23
      34
      18
      32
      28
      30
      26
      27
      29
      28
      29
      20
      24
      28
      29
      19
      25
      22
      26
      26
      20
      24
      27
      23
      22
      32
      24
      21
      27
      21
      18
      23
      23
      24
      30
      16
      22
      26
      22
      18
      23
      31
      24
      23
      17
      26
      22
      26
      30
      24
      25
      19
      12
      21
      34
      28
      24
      19
      30
      31
      25
      32
      22
      28
      22
      25
      18
      20
      25
      22
      28
      24
      27
      24
      20
      24
      28
      26
      25
      26
      30
      22
      18
      22
      31
      22
      27
      15
      29
      20
      28
      34
      35
      28
      18
      26
      17
      24
      25
      25
      25
      19
      22
      19
      16
      23
      26
      17
      31
      26
      25
      15
      30
      18
      21
      25
      23
      20
      23
      21
      24
      21
      21
      26
      24
      26
      30
      24
      27
      25
      26
      27
      22
      20
      24
      24
      15
      17
      27
      15
      23
      23
      15
      23
      25
      21
      27
      24
      27
      22
      26
      19
      19
      26
      28
      19
      35
      21
      16
      21
      25
      26
      30
      19
      22
      37
      23
      24
      24
      23
      20
      29
      25
      38
      58
      80
      56
      38
      31
      28
      20
      26
      26
      19
      27
      29
      23
      25
      32
      20
      19
      19
      20
      16
      23
      21
      17
      22
      11
      28
      26
      22
      29
      25
      26
      25
      23
      22
      17
      19
      24
      26
       6
      17
      29
      19
      30
      18
      26
      24
      21
      23
      27
      22
      21
      18
      18
      23
      22
      23
      26
      22
      26
      23
      23
      23
      22
      19
      18
      21
      18
      23
      22
      25
      24
      22
      25
      36
      25
      26
      14
      20
      29
      20
      21
      17
      22
      23
      19
      27
      21
      22
      24
      26
      23
      30
      25
      25
      15
      23
      27
      17
      27
      36
      20
      23
      29
      23
      20
      24
      26
      16
      25
      25
      21
      21
      28
      22
      19
      27
      27
      25
      20
      24
      32
      28
      18
      18
      17
      24
      27
      20
      20
      19
      17
      25
      22
      14
      18
      16
      19
      33
      21
      32
      24
      20
      24
      25
      22
      26
      30
      14
      22
      20
      31
      15
      25
      17
      26
      20
      27
      28
      31
      16
      18
      23
      24
      26
      24
      22
      23
      24
      18
      20
      19
      20
      25
      25
      27
      25
      22
      28
      21
      16
      24
      25
      18
      21
      27
      21
      17
      27
      18
      20
      24
      22
      18
      20
      22
      19
      22
      17
      25
      24
      24
      20
      19
      22
      21
      23
      24
      22
      12
      21
      26
      20
      21
      24
      22
      37
      21
      18
      19
      15
      22
      12
      25
      29
      19
      20
      18
      33
      22
      28
      25
      15
      15
      19
      25
      23
      18
      25
      32
      37
      46
      45
      34
      17
      21
      28
      16
      18
      28
      20
      27
      10
      20
      17
      19
      16
      17
      18
      22
      27
      22
      11
      16
      11
      16
      13
      22
      19
      18
      14
      22
      21
      19
      20
      23
      14
      20
      20
      15
      16
      17
      15
      13
      15
      17
      16
      22
      25
      20
      19
      19
      10
      15
      23
      12
      17
      20
      11
      19
      14
      12
      22
      17
      18
      11
      22
      12
      11
      11
      13
      10
      16
      18
      20
      17
      10
      16
      14
      15
      16
      25
      20
      24
      18
      21
      27
      30
      29
      15
      17
      20
      16
      11
      11
      16
      22
      20
      17
      16
      17
      21
      18
      12
      18
      16
      19
      19
      10
      21
      13
      13
      17
      15
      15
      17
      20
      14
      13
      10
      14
      15
      14
      14
      12
      12
      19
      17
      12
      16
      19
      24
      17
      14
      17
       6
      13
      12
      10
       7
      13
      13
      18
      21
      15
      13
      15
      15
      15
       9
      13
      14
       8
      17
      10
      15
      13
      13
       7
      21
      18
       8
      20
      11
      13
      12
       6
      10
      13
       9
      17
      12
      12
      19
      19
      16
      15
       6
      16
      10
      17
       5
      18
      13
       9
      10
       8
      13
      16
      10
      10
       9
      14
      16
      13
      16
      16
      12
      10
      14
      14
       9
      11
      13
       8
      14
      15
      19
       8
       7
      16
      12
      13
      22
      14
       8
      15
      15
      14
       6
      14
      12
      10
      11
      15
      15
       9
       9
      19
      13
      10
      19
       7
      13
      16
      12
      12
      16
      18
      18
      10
      16
      15
      22
      10
      11
      13
      15
       5
      10
      13
       9
       8
      16
      13
      12
      16
      13
      12
      11
      10
      11
      16
      11
      10
      11
      13
       5
      11
      12
      15
      14
      20
      13
       9
      11
      16
      10
      12
       8
      13
      16
      20
      25
      31
      22
      16
      13
      16
       7
       6
      11
       8
      14
      11
      16
      10
      14
       8
      17
      15
      13
      12
      11
      10
      13
      14
      14
       8
      12
       9
      16
       8
       5
      12
      13
      12
      10
      10
      12
      15
      13
      11
      10
       8
       8
      13
      14
       8
       8
       8
      14
      15
      12
      12
      11
      11
      10
      15
      11
      14
       5
      17
      11
      11
      18
      28
      14
      13
      13
       7
      12
      10
       9
      13
      12
      15
       5
       9
      15
       8
       9
      12
       9
      11
      13
      12
      10
       4
      11
       8
      11
      10
       6
      12
      10
       8
       8
      12
      11
      12
      17
      12
      13
      11
      10
      10
      12
      14
      17
       9
      13
      11
      11
       9
      10
      10
       7
      13
      12
      10
      17
      10
       6
       6
      10
       8
      12
      10
      10
      10
       7
      19
      14
      12
       9
      11
      18
       8
      11
      17
      13
       7
      12
       8
       9
      14
      14
      11
      10
      13
      15
      12
      18
      11
      11
       9
      14
       7
      11
      16
       9
      15
       7
      15
      11
      16
      16
      11
      28
      70
     194
     342
     376
     304
     176
      71
      19
      12
       8
      13
      12
      10
       6
       8
      11
       5
      11
      13
       4
       8
       8
       6
      11
      11
       7
       5
       3
       4
      13
       7
       6
      12
       6
      12
       8
      10
      11
      10
      10
       9
      12
       8
       6
      11
       6
       9
       4
       7
       6
      11
      10
       3
       7
       6
       9
       8
       9
      17
      13
       9
      13
       7
       6
       8
       8
      12
       6
       4
       7
       8
      10
       6
       9
      14
      15
      11
       8
       4
       5
       9
      10
       7
       9
      12
       4
       7
      14
      10
       5
      10
       8
       7
       9
       8
       5
      12
      12
      13
       9
      20
      13
      11
      14
      11
       9
       7
      10
      15
       9
       9
       6
       9
      12
      11
       4
       9
      12
       9
       4
       9
       8
      16
       7
       5
       8
       9
       9
       4
       3
      13
      10
       4
      11
      14
       5
       9
       4
       5
       3
       9
       4
      13
      10
       4
      14
      15
      10
       5
       6
       6
       7
      10
       4
       6
      12
       7
      10
       6
       6
       2
      12
       8
       6
       9
      10
       7
       8
      10
       3
       9
       7
       8
       5
       5
       9
       6
       5
       7
      10
       6
       7
      11
       5
       5
       6
      12
       6
       6
       5
       9
       3
       6
      12
       8
       7
      10
       5
       9
      10
       4
       4
      10
       8
       4
      11
       8
       5
      10
       7
       9
      13
       6
       7
       5
       5
       8
       9
       8
       5
       5
       3
       6
       5
       7
       7
      10
       8
       9
       5
       4
       7
       7
       3
       8
       6
      13
       6
       7
       5
       4
       6
       5
       3
       4
       8
       6
      10
       5
       9
      11
       9
       7
       7
       4
       7
       4
       8
       9
       3
      16
       9
       5
      10
      10
       9
       7
       8
      14
      17
      16
      17
      17
      12
      12
       6
       5
       9
       4
       7
       8
       9
      13
       6
       6
       6
       8
       4
       3
       9
       4
       8
       5
       4
       8
       9
       8
       9
       8
      12
       5
       7
       7
       9
       5
       7
       5
       5
       5
       6
      10
      10
       7
       6
       5
       7
      10
       5
       3
       7
       6
       2
       8
       2
      15
       5
       5
       9
       6
       6
      12
       8
       4
       6
       7
       6
       2
      10
       8
       2
       6
       7
       9
       5
       9
       7
       5
       9
       8
       6
       2
       5
       5
       8
       5
       9
       5
       4
       2
       7
       2
       3
       6
       5
       5
       8
       2
       7
       5
       5
       4
       3
       7
       4
       4
       5
       7
       8
       4
       7
       7
       5
       2
       9
       3
       3
       3
       7
       4
       2
       2
       9
      10
       5
       5
       5
       6
       4
       2
       6
       7
       5
       7
       7
       6
       6
       8
       3
       7
      11
       7
       9
       9
      13
       5
       6
       6
       7
      10
       5
       6
       6
       6
       4
      11
       7
       5
       5
       1
       5
       9
       4
       5
       5
       7
       0
       5
       6
       4
       8
       6
       5
       2
       7
       4
       4
       4
       6
       5
       5
       5
       3
       3
       9
       4
       6
      11
       6
       2
       4
       4
       5
       9
       5
       4
       3
       6
       5
       7
       8
       2
       1
       4
       7
       7
       2
       4
       7
       2
       5
       6
       6
       6
       3
       5
       3
       2
       4
       6
       5
       6
       6
       5
       4
       9
      11
       1
       6
       1
       3
       6
       4
       6
       1
       5
       4
       3
       5
       4
       2
       5
       6
       8
       4
       7
       7
       4
       9
       1
       2
       4
       6
       6
       6
       3
       3
       3
       7
       4
       6
       6
       7
       7
       7
       2
       3
       1
       5
       1
       5
       6
       7
       6
       3
       5
       7
       6
      11
      17
      22
       5
       7
       6
       8
       8
       5
       5
       8
       6
       3
       8
       1
      11
       4
       5
       4
       7
       5
       2
       5
       7
       3
       6
       5
       4
       3
       4
       8
       1
       2
       3
       4
       3
       5
      10
       3
       5
       2
       2
       3
       8
       5
       6
       1
       2
       3
       0
       5
       2
       4
       6
       2
       3
       5
       9
       2
      10
       5
       8
       0
       2
       3
       4
       4
       4
      10
      14
      42
      60
      83
      72
      48
      23
       7
       6
       2
       1
       5
       3
       5
       4
       5
       5
       0
       1
       3
       1
       6
       5
       2
       3
       2
       7
       3
       7
       5
       4
       5
       8
       4
       5
       7
       4
       4
       6
       3
       2
       3
       3
       5
       7
       4
       4
       5
       6
       3
       3
       6
       7
       2
       8
       5
       5
      10
       7
       5
       5
       9
       7
       4
       3
       4
       3
       7
       3
       7
       5
       5
       4
       6
       7
       7
       2
       3
       6
       2
       8
       7
       3
       5
       2
       3
       5
       8
       5
       5
       3
       2
       5
       7
       4
       2
       4
       4
       6
       1
       9
       7
       5
       5
       4
       3
       7
       4
       3
       3
       7
       5
       5
       6
       4
       5
       4
      10
      10
       4
       6
       3
       4
       5
       2
       6
       7
       5
       0
       8
       4
       7
       4
       4
       3
       4
       5
       1
       3
       4
       4
       5
       5
       2
       5
       4
       3
       3
       3
       3
       3
       4
       4
       9
       5
       9
       6
       0
       3
       5
       3
       6
       3
       5
       6
       7
       9
       3
       3
       4
       8
      16
      16
      11
       7
       4
       3
       7
       6
       3
       3
       4
       5
       5
       6
       5
       0
       9
       6
       5
       0
       7
       2
       7
       1
       5
       3
       5
       5
       1
       3
       2
      10
       5
       2
       4
       6
       4
       6
       9
       7
       5
       3
       7
       1
       2
       6
       4
       3
       2
       4
       4
       7
       4
       3
       4
       4
       7
       4
       4
      10
       1
       2
       2
       2
       4
       7
       4
       2
       4
       4
       1
       8
       2
       7
       7
       2
       5
       3
       5
       8
       7
       4
       4
       1
       1
       3
       3
       5
       2
       7
       1
       7
       5
       5
       6
       7
       6
       2
       4
       6
       4
       4
       5
       2
       5
       4
       4
       4
       4
       6
       6
       6
       1
       4
       3
       4
       2
       4
       3
       8
       2
       4
       3
       3
       2
       4
       1
       3
       2
       5
       6
       1
       3
       4
       3
       7
       6
       3
       4
       4
       5
       2
       2
       0
       3
       5
       5
       3
       7
       2
       3
       7
       7
       1
       2
       1
       4
       2
       4
       5
       3
      12
       4
       5
       1
       6
       7
       3
       1
       4
       4
       5
       3
       1
       4
       6
       5
       3
       5
       4
       8
       6
       6
       4
       1
       5
       4
       1
       2
       3
       3
       2
       2
       3
       4
       1
       7
       2
       3
       5
       4
       2
       2
       4
       3
       2
       4
       5
       0
       2
       4
       4
       3
       2
       7
       4
       4
       3
       3
       2
       5
      11
       3
       5
       4
       2
       3
       0
       4
       1
       5
       4
       2
       5
       8
       7
       4
       4
       0
       6
       4
       5
       5
       5
       5
       3
       6
       7
       3
       6
       2
       2
       2
       7
       3
       4
       4
       7
       6
       4
       3
       2
       0
       4
       8
       5
       4
       4
       2
       4
       3
       4
       2
       3
       4
       7
       3
       5
       6
       3
       5
       3
       1
       5
       1
       5
       5
       6
       6
       6
       2
       3
       1
       1
       4
       3
       3
       5
       2
       4
       4
       4
       2
       1
       1
       2
       3
       8
       1
       5
       5
       4
       1
       6
       3
       3
       2
       6
       5
       0
       7
       2
       2
       4
       2
       5
       2
       2
       4
       3
       2
       3
       4
       3
       5
       2
       4
       2
       4
       3
       4
       3
       4
       5
       4
       4
       3
       3
       2
       4
       3
       1
       2
       1
       6
       3
       7
       1
       5
       3
       4
       4
       3
       4
       4
       2
       3
       4
       2
       5
       3
       4
       3
       3
       3
       1
       8
       5
       3
       0
       3
       5
       3
       1
       4
       5
       3
       1
       4
       7
       3
       5
       2
       0
       2
       6
       3
       5
       2
       5
       7
       3
       1
       3
       7
       2
       3
       6
       0
       2
       2
       2
       5
       2
       0
       1
       2
       3
       1
       2
       6
       1
       4
       2
       3
       7
       4
       5
       4
       3
       6
       0
       4
       6
       5
       3
       1
       5
       2
       4
       5
       0
       5
       5
       4
       2
       5
       5
       5
       1
       2
       3
       6
       5
       3
       4
       2
       4
       3
       6
       2
       3
       3
       5
       1
       2
       5
       2
       3
       5
       2
       4
       3
       3
       7
       3
       5
       2
       3
       6
       3
       4
       4
       3
       0
       4
       5
       5
       3
       4
       2
       4
       2
       4
       3
       3
       5
       5
       5
       3
       2
       2
       3
       5
       0
       5
       7
       1
       1
       3
       1
       6
       6
       2
       7
       8
      10
       6
       8
       4
       8
      10
       5
       4
       8
       2
       3
       3
       5
       3
       2
       4
       4
       4
       5
       2
       4
       2
       3
       4
       5
       1
       3
       5
       5
       0
       6
       7
       2
      10
       9
      13
       4
       8
       5
       2
       8
       7
       4
       1
       3
       3
       4
       2
       6
       1
       3
       5
       1
       3
       3
       2
       4
       1
       2
       2
       2
       4
       6
       3
       0
       3
       2
       3
       6
       3
       3
       1
       4
       1
       2
       1
       2
       2
       2
       6
       3
       3
       5
       4
       5
       2
       2
       2
       5
       7
       2
       0
       6
       3
       7
       6
       3
       3
       3
       5
       1
       6
       2
       2
       2
       3
       4
       1
       3
       3
       2
       7
       0
       1
       5
       0
       4
       3
       2
       1
       3
       2
       6
       2
       1
       4
       3
       2
       1
       4
       3
       2
       1
       1
       1
       1
       2
       2
       2
       5
       3
       1
       5
      10
       3
       3
       1
       2
       0
       3
       4
       5
       0
       4
       5
       2
       8
       4
       3
       3
       2
       2
       5
       5
       3
       1
       0
       5
       1
       1
       1
       2
       1
       1
       3
       4
       2
       2
       3
       5
       2
       1
       3
       7
       2
       3
       4
       0
       5
       6
       2
       6
       2
       4
       4
       2
       6
       3
       5
       3
       5
       3
       2
       7
       4
      11
      24
      19
      26
      18
      20
       7
       5
       3
       4
       3
       2
       1
       5
       4
       2
       3
       3
       2
       3
       4
       1
       1
       2
       3
       5
       4
       1
       5
       4
       7
       1
       1
       3
       4
       3
       5
       2
       1
       2
       2
       3
       4
       1
       6
       4
       1
       3
       3
       2
       6
       1
       2
       0
       2
       3
       6
       1
       5
       3
       0
       2
       3
       3
       0
       0
       1
       0
       3
       4
       3
       4
       2
       2
       4
       2
       0
       3
       4
       3
       3
       2
       1
       2
       1
       1
       3
       6
       3
       5
       2
       4
       1
       1
       6
       1
       2
       1
       2
       3
       2
       2
       3
       3
       1
       4
       2
       5
       3
       2
       1
       3
       1
       4
       0
       4
       4
       2
       3
       1
       0
       2
       4
       1
       3
       2
       1
       5
       4
       4
       3
       1
       4
       3
       6
       5
       2
       2
       2
       4
       1
       0
       3
       4
       5
       1
       4
       5
       3
       2
       3
       3
       4
       1
       3
       2
       4
       5
       7
       5
       3
       3
       1
       6
       2
       6
       3
       5
       6
       6
       3
       3
       3
       4
       3
       4
       3
       2
       6
       5
       1
       6
       1
       1
       4
       1
       6
       4
       3
       3
       2
       1
       2
       4
       1
       2
       1
       4
       3
       1
       3
       1
       3
       3
       1
       1
       4
       0
       2
       6
       3
       3
       3
       1
       3
       4
       4
       2
       2
       2
       1
       6
       5
       5
       1
       5
       2
       4
       3
       0
       3
       2
       1
       1
       0
       3
       1
       2
       2
       1
       2
       0
       3
       3
       4
       2
       3
       3
       1
       2
       1
       3
       5
       1
       1
       3
       0
       3
       3
       2
       5
       4
       2
       1
       4
       1
       2
       2
       2
       5
       3
       5
       2
       3
       1
       2
       2
       3
       1
       2
       1
       3
       6
       1
       2
       4
       3
       2
       1
       5
       2
       1
       2
       3
       4
       3
       1
       2
       5
       3
       4
       5
       3
       3
       1
       5
       6
       5
       1
       1
       2
       5
       4
       5
       0
       3
       1
       3
       3
       4
       3
       2
       2
       5
       3
       5
       3
       4
       1
       4
       2
       7
       3
       4
       2
       3
       1
       6
       6
       4
       3
       3
       0
       4
       2
       2
       1
       3
       2
       2
       5
       0
       2
       2
       5
       3
       4
       1
       4
       1
       3
       4
       3
       2
       1
       3
       3
       2
       4
       3
       3
       2
       1
       3
       1
       4
       1
       3
       2
       3
       2
       1
       4
       4
       5
       2
       1
       2
       3
       4
       2
       2
       3
       1
       1
       3
       1
       0
       2
       3
       2
       5
       2
       4
       3
       1
       1
       3
       4
       4
       3
       6
       4
       5
       2
       3
       1
       0
       1
       5
       0
       2
       3
       3
       0
       2
       2
       3
       4
       3
       2
       3
       1
       0
       4
       0
       4
       2
       1
       1
       3
       2
       5
       1
       2
       4
       3
       1
       2
       3
       3
       0
       0
       0
       2
       1
       0
       2
       1
       1
       2
       1
       2
       2
       1
       0
       0
       2
       5
       1
       1
       1
       2
       5
       2
       3
       1
       1
       1
       0
       3
       1
       2
       3
       0
       1
       4
       1
       1
       0
       0
       0
       3
       2
       8
       8
       9
       7
       5
       6
       6
       2
       1
       2
       1
       3
       1
       2
       2
       2
       3
       1
       3
       1
       6
       1
       3
       0
       2
       1
       0
       1
       0
       2
       2
       2
       3
       2
       0
       1
       2
       0
       0
       1
       1
       1
       3
       1
       1
       1
       2
       2
       1
       0
       1
       3
       4
       2
       2
       4
       0
       2
       1
       3
       0
       0
       5
       2
       0
       1
       1
       4
       1
       2
       1
       4
       2
       1
       0
       2
       0
       5
       2
       3
       2
       2
       0
       2
       1
       0
       2
       2
       0
       1
       2
       1
       0
       0
       1
       3
       3
       3
       4
       0
       2
       3
       0
       1
       1
       3
       5
       3
       3
       0
       0
       0
       1
       3
       1
       1
       2
       1
       1
       2
       3
       2
       2
       0
       0
       0
       1
       0
       1
       1
       0
       1
       1
       1
       0
       1
       0
       0
       2
       3
       1
       0
       1
       2
       0
       2
       2
       2
       0
       3
       0
       2
       2
       0
       1
       1
       1
       3
       1
       0
       0
       2
       0
       4
       2
       0
       2
       2
       1
       2
       2
       2
       0
       1
       0
       0
       3
       3
       1
       1
       3
       0
       2
       5
       3
       2
       0
       4
       1
       1
       0
       3
       0
       0
       0
       0
       0
       0
       1
       0
       1
       2
       0
       4
       0
       4
       0
       0
       1
       1
       3
       2
       2
       0
       2
       1
       0
       0
       3
       2
       3
       1
       1
       1
       1
       3
       1
       2
       1
       0
       1
       0
       0
       2
       2
       0
       0
       2
       4
       0
       0
       2
       0
       2
       1
       1
       2
       0
       0
       0
       3
       1
       2
       2
       3
       0
       1
       1
       1
       2
       2
       0
       4
       2
       2
       1
       1
       3
       2
       2
       1
       0
       0
       0
       1
       1
       0
       2
       1
       0
       0
       4
       4
       1
       0
       1
       1
       2
       2
       4
       1
       4
       0
       1
       2
       2
       1
       1
       1
       2
       1
       2
       2
       1
       1
       1
       3
       2
       1
       2
       1
       1
       1
       1
       0
       3
       2
       1
       1
       0
       1
       1
       1
       3
       2
       2
       0
       4
       2
       1
       0
       1
       1
       0
       1
       3
       1
       4
      16
      26
      27
      44
      54
      26
      35
      26
      13
       3
       2
       2
       0
       2
       0
       3
       2
       2
       0
       1
       1
       4
       3
       1
       1
       1
       0
       0
       0
       1
       1
       1
       1
       0
       1
       2
       1
       2
       1
       1
       1
       0
       1
       2
       1
       1
       0
       0
       1
       1
       1
       0
       1
       1
       0
       1
       3
       2
       1
       0
       0
       2
       2
       1
       0
       1
       1
       3
       0
       0
       1
       3
       2
       1
       2
       1
       2
       1
       3
       1
       2
       1
       0
       2
       2
       0
       0
       1
       3
       1
       1
       2
       1
       1
       0
       0
       3
       1
       1
       1
       1
       3
       0
       1
       0
       1
       2
       0
       2
       1
       3
       2
       0
       0
       0
       1
       0
       5
       1
       0
       1
       1
       1
       0
       0
       3
       1
       1
       0
       1
       2
       2
       0
       0
       0
       0
       0
       0
       1
       0
       1
       0
       0
       0
       1
       0
       1
       0
       0
       0
       3
       0
       0
       1
       1
       1
       3
       2
       1
       1
       0
       1
       2
       0
       2
       1
       3
       1
       1
       2
       0
       0
       0
       0
       0
       1
       3
       1
       0
       2
       1
       2
       1
       0
       0
       1
       2
       1
       1
       1
       1
       0
       0
       1
       0
       2
       0
       1
       2
       2
       1
       1
       1
       2
       1
       0
       1
       2
       1
       3
       1
       1
       3
       0
       1
       4
       0
       5
       1
       0
       2
       4
       0
       1
       0
       0
       3
       2
       0
       0
       0
       2
       2
       1
       3
       1
       4
       2
       0
       0
       2
       1
       1
       4
       0
       1
       0
       2
       1
       0
       0
       1
       0
       2
       0
       0
       0
       2
       0
       1
       2
       2
       0
       0
       1
       1
       0
       1
       0
       0
       2
       0
       2
       0
       0
       0
       0
       1
       0
       0
       1
       1
       3
       2
       0
       1
       0
       4
       1
       1
       3
       1
       2
       0
       0
       2
       1
       4
       2
       3
       1
       0
       1
       1
       1
       1
       0
       1
       2
       0
       2
       0
       1
       1
       0
       2
       1
       1
       1
       1
       2
       0
       0
       1
       0
       0
       0
       2
       0
       2
       2
       1
       0
       0
       1
       2
       1
       0
       0
       0
       0
       1
       0
       2
       1
       0
       2
       1
       2
       2
       1
       1
       0
       0
       0
       2
       0
       4
       1
       0
       2
       0
       1
       2
       4
       0
       1
       0
       0
       0
       3
       1
       0
       2
       2
       1
       2
       0
       0
       1
       2
       2
       1
       4
       0
       0
       1
       2
       2
       2
       1
       1
       1
       1
       0
       0
       0
       0
       0
       2
       0
       2
       0
       0
       0
       0
       0
       1
       1
       2
       0
       1
       1
       3
       0
       1
       2
       1
       0
       0
       0
       3
       0
       1
       1
       1
       0
       2
       0
       2
       2
       0
       3
       0
       1
       1
       2
       3
       2
       1
       2
       0
       0
       5
       2
       4
       3
       0
       0
       0
       1
       1
       1
       2
       1
       1
       3
       1
       0
       0
       0
       0
       4
       1
       0
       2
       2
       0
       0
       0
       1
       1
       0
       0
       1
       1
       0
       1
       1
       0
       0
       1
       2
       1
       3
       2
       0
       0
       1
       1
       2
       5
       0
       0
       1
       0
       0
       0
       0
       1
       0
       2
       3
       2
       0
       0
       1
       0
       3
       1
       0
       2
       0
       1
       1
       0
       0
       1
       0
       1
       1
       0
       1
       1
       0
       0
       1
       1
       3
       1
       0
       0
       0
       2
       2
       1
       3
       1
       1
       2
       1
       0
       0
       1
       1
       1
       1
       0
       3
       0
       1
       1
       0
       2
       2
       0
       1
       0
       2
       1
       1
       1
       1
       0
       1
       0
       0
       2
       2
       0
       0
       0
       0
       0
       0
       1
       1
       1
       2
       0
       1
       0
       2
       0
       0
       1
       0
       1
       0
       3
       1
       0
       0
       2
       0
       0
       2
       1
       0
       1
       1
       1
       2
       0
       0
       1
       0
       2
       1
       2
       1
       0
       0
       0
       2
       1
       0
       3
       2
       1
       0
       1
       0
       2
       1
       2
       1
       0
       1
       0
       1
       2
       0
       0
       0
       2
       0
       2
       1
       1
       2
       0
       2
       1
       5
       0
       1
       1
       2
       0
       0
       4
       0
       2
       1
       1
       0
       1
       1
       1
       1
       0
       2
       2
       1
       0
       2
       2
       3
       2
       2
       1
       3
       0
       0
       4
       0
       0
       0
       0
       0
       1
       1
       0
       1
       1
       1
       1
       0
       1
       2
       5
       1
       0
       0
       1
       1
       3
       0
       0
       0
       2
       1
       0
       0
       2
       0
       0
       3
       1
       0
       0
       0
       1
       3
       1
       1
       1
       2
       1
       3
       2
       1
       1
       3
       1
       0
       1
       1
       0
       1
       2
       0
       0
       0
       0
       0
       1
       0
       0
       1
       2
       0
       2
       0
       0
       2
       0
       0
       0
       0
       4
       1
       2
       0
       0
       0
       2
       0
       1
       0
       1
       0
       1
       0
       2
       0
       0
       0
       1
       2
       0
       0
       2
       0
       2
       2
       1
       4
       1
       1
       1
       0
       1
       1
       0
       1
       1
       3
       0
       2
       3
       3
       0
       2
       0
       0
       0
       1
       2
       1
       0
       1
       1
       0
       1
       0
       1
       0
       2
       1
       0
       0
       0
       1
       0
       0
       0
       2
       1
       1
       0
       2
       2
       1
       0
       0
       0
       1
       1
       0
       1
       1
       1
       0
       1
       2
       0
       1
       0
       2
       0
       2
       1
       3
       1
       1
       2
       0
       0
       0
       1
       1
       1
       0
       0
       5
       0
       1
       1
       2
       2
       1
       1
       1
       0
       2
       1
       1
       0
       0
       0
       1
       0
       3
       0
       1
       3
       0
       0
       1
       2
       2
       1
       1
       1
       0
       1
       2
       0
       1
       1
       1
       0
       1
       3
       1
       0
       0
       1
       2
       0
       1
       0
       1
       4
       1
       1
       1
       1
       0
       1
       2
       0
       0
       1
       0
       2
       2
       0
       0
       0
       0
       2
       2
       0
       1
       1
       3
       0
       0
       1
       1
       0
       1
       0
       1
       0
       2
       0
       1
       0
       0
       0
       0
       0
       0
       0
       1
       2
       0
       0
       0
       0
       3
       0
       0
       0
       0
       0
       0
       1
       2
       2
       0
       1
       1
       1
       1
       1
       0
       0
       0
       1
       1
       0
       0
       0
       0
       0
       1
       0
       1
       2
       0
       3
       0
       1
       0
       1
       0
       1
       2
       0
       2
       0
       0
       1
       3
       0
       1
       0
       1
       0
       0
       2
       0
       1
       1
       0
       2
       2
       1
       1
       0
       0
       2
       1
       0
       0
       2
       0
       1
       0
       0
       0
       0
       3
       0
       0
       1
       1
       2
       1
       2
       0
       0
       1
       0
       2
       2
       2
       0
       0
       0
       2
       1
       0
       0
       0
       2
       2
       2
       1
       0
       1
       0
       2
       0
       0
       0
       0
       0
       0
       0
       1
       0
       2
       2
       2
       0
       0
       2
       1
       0
       0
       0
       0
       1
       1
       1
       1
       1
       0
       0
       2
       0
       0
       2
       1
       1
       0
       0
       0
       1
       0
       0
       1
       1
       1
       1
       1
       1
       1
       2
       0
       0
       1
       3
       0
       2
       0
       0
       1
       1
       0
       0
       1
       0
       0
       1
       1
       1
       0
       0
       2
       0
       1
       0
       1
       0
       3
       0
       1
       0
       3
       2
       1
       1
       0
       1
       0
       0
       1
       1
       3
       1
       1
       0
       1
       0
       0
       3
       0
       0
       1
       1
       0
       1
       3
       0
       2
       2
       2
       0
       1
       1
       0
       0
       1
       0
       1
       1
       1
       2
       1
       0
       1
       2
       0
       3
       2
       2
       0
       1
       0
       0
       0
       1
       0
       1
       1
       1
       0
       2
       0
       0
       1
       0
       0
       0
       0
       1
       0
       0
       2
       1
       1
       0
       1
       1
       0
       0
       1
       2
       0
       0
       1
       1
       1
       1
       1
       0
       0
       1
       0
       1
       1
       2
       1
       0
       1
       3
       0
       1
       1
       0
       0
       2
       0
       0
       1
       1
       1
       1
       1
       2
       0
       1
       0
       1
       0
       1
       1
       1
       0
       4
       2
       0
       0
       1
       1
       1
       0
       0
       0
       1
       1
       2
       0
       1
       2
       2
       1
       1
       2
       1
       0
       1
       2
       2
       0
       0
       2
       0
       0
       2
       0
       0
       0
       0
       3
       0
       2
       0
       2
       0
       2
       0
       0
       0
       1
       1
       0
       2
       2
       0
       1
       0
       0
       2
       2
       0
       0
       1
       1
       1
       0
       1
       1
       2
       1
       2
       1
       0
       3
       2
       2
       0
       2
       2
       1
       0
       0
       2
       0
       0
       1
       0
       1
       2
       2
       0
       1
       3
       1
       0
       1
       1
       2
       1
       2
       0
       1
       1
       0
       1
       0
       0
       2
       1
       0
       0
       0
       1
       0
       0
       0
       0
       2
       0
       1
       2
       1
       2
       0
       0
       0
       0
       0
       0
       1
       2
       2
       1
       0
       0
       1
       4
       0
       0
       2
       3
       0
       1
       1
       2
       1
       0
       0
       0
       0
       1
       1
       0
       0
       0
       0
       1
       2
       2
       2
       1
       0
       2
       0
       0
       0
       1
       2
       1
       1
       1
       0
       1
       1
       0
       0
       0
       1
       0
       0
       0
       0
       1
       0
       0
       1
       0
       0
       0
       0
       0
       0
       0
       2
       1
       0
       1
       0
       1
       2
       2
       1
       0
       0
       0
       1
       2
       0
       2
       0
       0
       0
       1
       1
       0
       1
       1
       0
       0
       1
       1
       1
       1
       0
       1
       0
       2
       0
       0
       1
       0
       4
       1
       1
       1
       1
       1
       1
       2
       0
       0
       2
       1
       1
       0
       3
       0
       1
       0
       0
       0
       3
       0
       1
       2
       0
       0
       1
       1
       1
       0
       1
       1
       1
       1
       1
       1
       0
       2
       0
       1
       1
       0
       0
       0
       0
       0
       0
       1
       1
       0
       2
       1
       1
       2
       0
       1
       0
       0
       1
       0
       2
       3
       0
       3
       3
       1
       1
       0
       2
       0
       0
       0
       1
       1
       0
       2
       0
       0
       1
       0
       2
       1
       0
       1
       1
       0
       0
       0
       0
       0
       1
       1
       1
       0
       1
       1
       0
       2
       1
       2
       0
       0
       0
       2
       0
       1
       2
       1
       2
       0
       0
       3
       2
       0
       0
       0
       1
       0
       1
       0
       4
       1
       0
       1
       0
       0
       0
       1
       1
       1
       1
       1
       1
       0
       0
       1
       0
       0
       0
       0
       0
       0
       0
       1
       1
       1
       1
       1
       0
       0
       1
       0
       2
       2
       0
       3
       1
       0
       0
       1
       1
       1
       1
       1
       0
       1
       0
       2
       1
       0
       0
       1
       1
       1
       0
       2
       1
       1
       2
       3
       0
       0
       0
       0
       0
       0
       2
       0
       0
       1
       2
       1
       0
       0
       0
       2
       0
       0
       0
       0
       1
       0
       1
       1
       2
       0
       0
       0
       3
       0
       1
       0
       0
       2
       2
       2
       2
       1
       0
       0
       0
       1
       1
       1
       0
       1
       0
       2
       2
       1
       1
       0
       1
       1
       3
       0
       1
       0
       1
       0
       0
       1
       1
       1
       0
       2
       1
       0
       0
       0
       1
       2
       0
       1
       0
       0
       1
       0
       0
       1
       0
       3
       2
       0
       1
       0
       0
       1
       1
       0
       0
       2
       0
       0
       2
       0
       0
       0
       1
       0
       1
       2
       1
       1
       0
       2
       1
       1
       1
       1
       0
       0
       1
       2
       1
       3
       0
       1
       0
       0
       0
       0
       0
       1
       1
       1
       1
       0
       0
       0
       1
       1
       2
       0
       0
       2
       0
       2
       0
       1
       0
       1
       1
       0
       0
       0
       1
       0
       1
       2
       1
       1
       1
       0
       1
       0
       2
       0
       1
       0
       2
       0
       1
       0
       1
       1
       0
       2
       1
       0
       0
       0
       0
       0
       0
       1
       1
       2
       1
       2
       1
       1
       1
       0
       3
       2
       1
       2
       0
       2
       1
       0
       1
       0
       0
       0
       2
       0
       1
       2
       0
       0
       1
       0
       1
       0
       0
       1
       2
       0
       0
       2
       0
       3
       0
       0
       0
       2
       1
       0
       0
       0
       0
       1
       0
       0
       1
       0
       0
       1
       0
       0
       1
       0
       1
       0
       0
       1
       1
       0
       2
       2
       1
       1
       0
       3
       1
       0
       2
       1
       0
       1
       0
       1
       0
       1
       0
       0
       2
       3
       1
       0
       0
       0
       1
       2
       2
       2
       0
       0
       1
       1
       1
       1
       1
       1
       0
       0
       1
       0
       2
       0
       1
       0
       0
       0
       1
       1
       1
       1
       1
       1
       2
       1
       0
       0
       1
       0
       0
       3
       3
       2
       2
       1
       0
       1
       1
       1
       0
       1
       2
       0
       3
       0
       0
       0
       4
       0
       1
       1
       0
       2
       1
       1
       3
       4
       1
       3
       2
       0
       1
       1
       0
       3
       1
       0
       0
       0
       3
       0
       1
       0
       1
       0
       1
       0
       0
       0
       0
       1
       1
       0
       1
       0
       0
       2
       1
       1
       1
       0
       0
       0
       0
       0
       0
       1
       1
       2
       1
       0
       1
       0
       2
       0
       1
       1
       0
       0
       2
       2
       0
       3
       0
       1
       1
       0
       1
       1
       1
       2
       1
       0
       3
       0
       1
       2
       2
       1
       0
       0
       2
       2
       1
       1
       0
       0
       0
       0
       1
       0
       1
       1
       0
       0
       0
       0
       0
       1
       1
       0
       0
       1
       1
       1
       0
       0
       1
       0
       0
       0
       1
       0
       0
       0
       2
       0
       2
       0
       0
       1
       1
       2
       0
       0
       0
       0
       1
       3
       0
       2
       0
       0
       0
       0
       0
       3
       1
       0
       1
       1
       0
       0
       0
       2
       1
       2
       0
       0
       0
       2
       1
       1
       1
       2
       0
       0
       2
       1
       1
       0
       0
       0
       0
       1
       1
       0
       0
       0
       0
       1
       1
       1
       2
       1
       1
       0
       3
       0
       2
       0
       1
       0
       0
       0
       1
       1
       1
       0
       1
       0
       1
       0
       1
       1
       2
       0
       0
       0
       1
       0
       1
       1
       1
       2
       0
       1
       2
       0
       1
       0
       0
       1
       3
       4
       0
       0
       0
       2
       0
       1
       0
       0
       1
       0
       1
       1
       0
       0
       2
       0
       0
       1
       2
       0
       1
       1
       0
       0
       1
       0
       1
       1
       1
       0
       0
       0
       2
       0
       1
       1
       0
       0
       1
       1
       1
       0
       0
       0
       0
       0
       0
       0
       0
       0
       1
       1
       2
       2
       1
       0
       0
       1
       0
       0
       1
       1
       0
       0
       0
       2
       0
       0
       1
       0
       1
       1
       0
       0
       1
       0
       0
       1
       0
       2
       2
       0
       1
       0
       2
       3
       1
       1
       2
       1
       1
       1
       2
       0
       0
       0
       1
       1
       0
       0
       2
       1
       1
       0
       0
       2
       0
       1
       1
       1
       0
       2
       0
       0
       0
       1
       3
       0
       0
       0
       1
       1
       1
       0
       1
       0
       0
       1
       1
       1
       6
       2
       1
       0
       0
       2
       2
       1
       0
       2
       1
       1
       1
       0
       0
       0
       2
       1
       0
       0
       0
       3
       0
       2
       1
       1
       1
       0
       1
       0
       0
       0
       0
       0
       0
       1
       0
       0
       0
       2
       0
       0
       0
       1
       3
       0
       0
       1
       1
       1
       2
       0
       1
       1
       0
       0
       0
       0
       2
       1
       1
       1
       0
       0
       1
       0
       0
       2
       0
       0
       0
       0
       1
       0
       1
       0
       2
       0
       0
       1
       1
       3
       0
       1
       0
       1
       1
       1
       0
       3
       0
       0
       2
       0
       0
       0
       1
       0
       2
       0
       2
       2
       0
       2
       0
       0
       2
       3
       2
       1
       0
       0
       0
       1
       1
       0
       1
       0
       0
       0
       0
       0
       0
       2
       0
       0
       1
       3
       0
       1
       1
       0
       0
       0
       0
       2
       0
       0
       2
       1
       0
       0
       0
       2
       0
       1
       0
       2
       1
       0
       1
       1
       1
       2
       0
       3
       0
       2
       0
       1
       1
       2
       0
       0
       3
       1
       0
       0
       2
       0
       0
       1
       0
       0
       2
       0
       0
       0
       0
       0
       0
       0
       1
       0
       1
       1
       1
       0
       0
       2
       0
       0
       1
       2
       3
       0
       1
       1
       2
       1
       0
       1
       1
       0
       0
       3
       0
       1
       1
       0
       1
       1
       1
       0
       0
       0
       1
       0
       0
       1
       1
       0
       1
       1
       1
       1
       1
       0
       1
       2
       0
       0
       0
       0
       1
       1
       0
       2
       2
       1
       0
       1
       1
       0
       0
       2
       1
       2
       1
       0
       0
       2
       1
       1
       0
       1
       0
       0
       0
       1
       1
       0
       1
       0
       0
       1
       2
       2
       1
       0
       0
       1
       1
       1
       0
       0
       0
       4
       0
       0
       0
       2
       1
       2
       1
       1
       1
       0
       1
       1
       0
       1
       1
       1
       2
       1
       0
       0
       1
       1
       2
       0
       0
       2
       0
       0
       1
       1
       0
       0
       0
       0
       0
       0
       1
       0
       1
       0
       1
       1
       0
       0
       1
       1
       1
       0
       0
       0
       0
       0
       1
       1
       0
       0
       1
       0
       0
       1
       2
       0
       1
       0
       0
       0
       1
       0
       2
       1
       0
       2
       1
       2
       2
       0
       0
       3
       0
       2
       0
       0
       3
       1
       0
       0
       0
       0
       0
       1
       2
       0
       0
       0
       1
       0
       2
      10
       6
      11
       7
       4
       6
       9
       7
       8
      12
       8
       4
       3
       5
      10
       5
       8
       6
       7
       5
       6
       6
       5
       4
      14
       0
      13
       6
       5
       6
      10
       7
       7
       5
       3
       9
       6
       5
       5
       5
       6
      12
       9
       4
       8
      13
      10
       7
       6
       7
       4
       6
       7
       3
       7
       5
       6
       2
       4
       6
       5
       3
       4
       5
       7
       5
       3
       8
       7
       7
       6
       4
       7
       4
       4
       4
       2
       6
       7
       5
       1
       3
       4
       3
      10
       6
       9
       3
       6
       1
       4
       3
       7
       4
       6
       9
       8
       5
       7
       5
       6
       5
       6
       5
       6
       3
       3
       4
       3
       5
       6
       5
       3
       6
       4
       7
       3
       4
      10
       3
       2
       6
       5
      10
       9
       4
       6
       8
       6
       4
       5
       5
       4
       7
       4
       5
       5
       4
       7
       7
       6
       5
       5
       4
       6
       6
       4
      10
       7
       6
       4
       7
       6
       1
       6
       4
       2
       6
       3
       3
       5
       5
       9
       7
       4
       4
       5
       7
       5
       6
       5
       8
       3
       5
       2
       0
       4
       5
       2
       6
       4
       5
       5
       3