       0
       0
       0
       0
       0
       0
       0
       0
       0
       0
       0
       0
       0
       0
       0
       0
       0
       0
       0
       0
       0
       0
       0
       0
       0
       0
       0
       0
       0
       0
       0
       0
       0
       0
       0
       0
       0
       0
       0
       0
       0
       0
       0
       0
       0
       0
       0
       0
       0
      73
     155
     149
     155
     166
     142
     141
     150
     138
     119
     133
     136
     141
     142
     115
     117
     122
     134
     112
     143
     143
     134
     132
     136
     126
     110
     143
     128
     143
     124
     102
     134
     127
     113
     105
     117
      98
     108
     116
      99
     119
     121
      96
     103
     114
     114
     109
     102
     123
     101
      99
     104
      95
      89
     119
      82
      96
     105
      96
      98
     104
     110
     118
     119
     184
     194
     128
     107
      91
      78
     113
      94
      94
      93
      85
      97
      90
     113
     133
     121
     101
     116
     121
     140
     169
     148
     153
     135
     151
     127
     143
     120
     144
     108
     121
     134
     132
     120
     116
     122
     122
     110
     129
     137
     133
     135
     135
     129
     132
     162
     158
     145
     150
     149
     154
     180
     213
     342
     613
     825
    2824
    5053
    2499
     475
      82
      66
      78
      82
      88
      68
      76
      61
      64
      72
      82
      76
      84
      80
      85
      71
      76
      80
      81
      70
      86
      89
      72
      77
      67
      66
      74
      91
      72
      81
      85
      70
      68
      76
      81
      75
      92
      73
      80
      79
      75
      76
      77
     104
      68
      92
      89
      78
      73
      94
      83
      82
      89
      84
      89
      79
     105
      98
     106
      77
      82
      72
      97
      92
      80
      94
      85
      88
      80
     103
     109
      76
      93
      78
      89
      95
      82
      78
      93
      80
     101
      95
      74
      86
     105
      91
      95
      92
      95
      87
      97
      92
     103
     101
     108
     108
      93
      92
      97
     117
      94
      97
     115
     103
     123
     106
     113
     122
     113
     107
     112
     125
     124
     119
     143
     117
     144
     135
     144
     132
     132
     142
     144
     136
     138
     135
     132
     133
     137
     140
     124
     122
     139
     135
     133
     142
     161
     148
     167
     174
     176
     170
     162
     172
     186
     152
     168
     169
     162
     156
     166
     173
     174
     170
     164
     134
     158
     190
     239
     226
     170
     150
     116
     116
     119
     130
     118
     141
     131
     116
     115
     106
     115
     115
     108
     109
      94
      98
      89
     103
      97
     100
     103
     106
     107
      90
      87
      82
      88
      84
      96
      77
     102
      88
     126
      98
      91
      82
      89
      86
      96
      79
      80
      77
      88
      96
      74
      81
      90
      85
      84
      93
      89
      89
      93
      83
      76
      89
      90
      93
      89
      73
      74
      72
      87
      80
      79
      73
      87
     102
      73
      82
      95
      99
      66
      81
      77
      92
      75
      84
      89
      57
      70
      85
      80
      84
      88
      74
      74
      71
      73
      74
      71
      52
      54
      55
      80
      63
      53
      45
      54
      68
      49
      54
      46
      51
      60
      51
      46
      48
      41
      65
      51
      61
      53
      43
      62
      60
      40
      52
      43
      53
      51
      35
      67
      85
      77
      49
      49
      38
      52
      44
      39
      37
      34
      38
      50
      43
      47
      37
      40
      43
      42
      35
      25
      43
      32
      41
      42
      42
      42
      40
      46
      28
      32
      36
      36
      37
      36
      44
      28
      38
      30
      33
      35
      24
      31
      32
      30
      27
      27
      37
      37
      24
      30
      32
      22
      27
      26
      34
      23
      36
      35
      22
      25
      36
      23
      24
      35
      32
      36
      24
      27
      28
      19
      33
      29
      19
      30
      29
      19
      35
      25
      24
      34
      30
      22
      21
      33
      29
      31
      29
      22
      33
      14
      35
      26
      17
      26
      31
      22
      30
      18
      27
      28
      20
      23
      23
      18
      27
      36
      85
     392
     701
     472
     164
      28
      18
      25
      30
      12
      20
      22
      17
      28
      20
      19
      18
      17
      23
      23
      19
      27
      24
      27
      24
      22
      18
      25
      17
      19
      19
      20
      13
      19
      11
      14
      17
      24
      26
      18
      16
      27
      17
      25
      23
      21
      23
      23
      21
      16
      15
      18
      22
      67
     339
    1148
    1492
     773
     170
      30
      13
      14
      22
      14
       9
      21
      11
      17
      15
      10
      14
      23
      11
      18
      13
      14
      18
      18
      17
      17
      13
      15
      17
      12
      20
      15
      19
      17
      22
      18
       8
      23
       8
      14
      16
      19
      17
      14
       8
      12
      13
      14
      13
      21
      15
       9
      13
      15
      13
      25
      12
      17
      15
      16
      22
      17
      14
      13
      13
      14
      14
      17
      10
      20
      11
      13
      13
      23
      12
      16
      13
       7
      13
      15
      13
      12
      14
      13
      24
      17
      13
      11
      23
      19
       9
      15
      15
      14
      11
      17
      13
       6
      17
      17
      10
      12
      15
      16
      22
      11
      18
     245
    1324
    3570
    3733
    1691
     279
      25
       9
       4
       5
       4
       5
       6
       4
       2
       3
       4
       6
       6
       4
       4
       1
       5
       2
       4
       3
       7
       3
       3
       4
       3
       7
       1
       4
       5
       4
       4
       2
       5
       7
       2
       3
       6
       5
       7
       2
       4
       3
       2
       5
       5
       6
       5
       6
       3
       8
      24
     114
     366
     529
     335
     101
      12
       6
       5
       3
       1
       3
       3
       2
       3
       5
       3
       4
       4
       2
       2
       2
       3
       4
       3
       3
       1
       3
       3
       4
       5
       1
       4
       3
       1
       2
       2
       3
       5
       3
       3
       4
       3
       2
       7
       4
       5
       4
       4
       4
       3
       3
       1
       2
       2
       3
       4
       6
       3
       3
       1
       7
       2
       5
       2
       8
       2
       3
       1
       4
       4
       6
       4
       3
       3
       1
       6
       2
       2
       2
       3
       5
       2
       3
       1
       1
       4
       4
       0
       3
       2
       4
       1
       2
       5
       4
       3
       2
       2
       4
       6
       4
       2
       4
       3
       8
       6
       3
       2
       2
      12
      12
       4
       2
       3
       2
       2
       1
       6
       1
       5
       4
       2
       2
       3
       0
       4
       2
       4
       1
       2
       1
       5
       4
       3
       1
       2
       3
       6
       1
       2
       4
       0
       4
       5
       4
       2
       7
       1
       6
       0
       5
       3
       2
       2
       6
       2
       2
       4
       1
       0
       2
       1
       3
       6
       2
       3
       1
       1
       2
       4
       6
       3
       1
       3
       4
       3
       0
       2
       2
       3
       3
       2
       2
       5
       6
       3
       1
       3
       0
       4
       5
       4
       3
       0
       2
       1
       6
       1
       2
       1
       1
       3
       0
       6
       1
       3
       4
       2
       2
       0
       4
       0
       2
       1
       3
       2
       7
       4
       5
       0
       1
       3
       3
       2
       4
       3
       4
       0
       3
       3
       2
       0
       3
       3
       2
       3
       1
       2
       1
       4
       3
       2
       1
       1
       2
       2
       2
       5
       0
       3
       2
       3
       3
       3
       5
       7
       5
       3
      11
      12
       7
       6
       4
       6
       2
       1
       2
       2
       3
       2
       1
       1
       6
       2
       2
       0
       4
       2
       2
       4
       2
       1
       2
       2
       1
       3
       0
       3
       2
       2
       4
       3
       1
       0
       3
       0
       1
       2
       0
       2
       1
       4
       0
       0
       0
       3
       2
       2
       1
       4
       3
       2
       0
       1
       0
       1
       1
       1
       2
       0
       1
       2
       3
       1
       1
       4
       1
       1
       2
       0
       3
       1
       2
       2
       0
       4
       4
       3
       4
       5
       1
       1
       2
       2
       3
       0
       3
       1
       2
       1
       3
       0
       3
       1
       1
       1
       2
       2
       3
       1
       1
       3
       1
       4
       1
       2
       3
       6
       1
       2
       3
       0
       1
       2
       1
       3
       4
       1
       2
       1
       1
       2
       4
       1
       4
       0
       3
       3
       1
       2
       3
       4
       1
       0
       1
       1
       1
       2
       1
       0
       2
       3
       1
       1
       3
       1
       2
       2
       3
       2
       3
       1
       5
       1
       1
       3
       5
       3
       4
       1
       0
       0
       1
       1
       2
       2
       0
       1
       5
       2
       0
       4
       1
       2
       5
       2
       1
       3
       5
       1
       0
       0
       1
       1
       3
       1
       5
       1
       1
       4
       0
       2
       1
       4
       3
       4
       2
       2
       4
       3
       3
       2
       0
       1
       4
       2
       3
       1
       1
       3
       1
       1
       0
       2
       2
       2
       1
       1
       1
       1
       1
       3
       0
       2
       1
       1
       3
       3
       1
       1
       1
       2
       2
       2
       2
       3
       1
       3
       1
       4
       0
       3
       3
       2
       3
       4
       1
       3
       2
       0
       0
       4
       0
       3
       3
       2
       0
       1
       1
       3
       2
       4
       2
       1
       4
       3
       4
       3
       0
       2
       2
       2
       1
       2
       2
       2
       2
       0
       1
       1
       1
       1
       3
       2
       1
       2
       0
       1
       4
       3
       0
       0
       2
       2
       1
       2
       0
       1
       3
       1
       0
       2
       1
       1
       9
       5
       4
       5
       0
       0
       1
       1
       1
       1
       3
       4
       2
       2
       4
       1
       0
       0
       2
       3
       1
       3
       0
       1
       1
       3
       0
       3
       1
       1
       2
       1
       1
       5
       2
       2
       3
       1
       2
       3
       1
       2
       1
       0
       0
       2
       0
       4
       0
       1
       3
       5
       2
       2
       2
       0
       0
       1
       0
       3
       1
       1
       0
       1
       2
       1
       2
       2
       2
       0
       1
       5
       1
       1
       1
       2
       1
       2
       2
       2
       1
       0
       1
       0
       3
       3
       4
       1
       1
       0
       7
       2
       0
       1
       2
       1
       0
       2
       5
       0
       4
       1
       3
       2
       1
       1
       2
       2
       1
       1
       0
       1
       2
       0
       2
       3
       1
       0
       1
       1
       0
       1
       1
       0
       1
       3
       2
       2
       1
       2
       2
       1
       2
       2
       1
       1
       0
       0
       2
       1
       3
       1
       0
       1
       1
       1
       2
       2
       1
       3
       1
       1
       1
       3
       1
       3
       4
       2
       2
       2
       2
       1
       3
       1
       3
       1
       0
       1
       2
       0
       1
       0
       1
       2
       2
       2
       1
       2
       4
       1
       1
       0
       2
       1
       1
       4
       1
       3
       1
       1
       1
       2
       0
       1
       1
       3
       3
       1
       1
       1
       0
       1
       0
       1
       1
       1
       0
       2
       4
       2
       1
       0
       4
       2
       0
       2
       1
       0
       3
       1
       1
       1
       1
       1
       1
       1
       0
       0
       2
       3
       2
       2
       3
       1
       3
       1
       3
       0
       3
       4
       1
       1
       0
       1
       2
       1
       2
       2
       5
       4
       1
       2
       0
       2
       4
       2
       2
       0
       3
       2
       1
       4
       0
       2
       2
       1
       1
       1
       1
       0
       2
       0
       2
       2
       1
       2
       3
       0
       2
       2
       4
       0
       0
       0
       1
       2
       0
       0
       0
       2
       2
       2
       0
       2
       0
       1
       3
       3
       1
       0
       0
       0
       0
       1
       1
       1
       2
       0
       2
       1
       1
       3
       0
       3
       2
       1
       2
       0
       1
       4
       0
       0
       1
       0
       1
       0
       3
       1
       2
       1
       2
       4
       1
       1
       0
       3
       1
       0
       0
       1
       0
       1
       2
       0
       2
       2
       1
       1
       1
       0
       2
       2
       0
       1
       0
       0
       2
       2
       0
       1
       2
       2
       0
       0
       0
       1
       0
       0
       0
       0
       2
       1
       0
       4
       0
       1
       1
       2
       1
       2
       1
       3
       0
       1
       2
       3
       0
       2
       1
       1
       2
       0
       0
       0
       1
       3
       1
       2
       0
       2
       3
       0
       0
       3
       2
       0
       1
       1
       1
       1
       1
       0
       2
       0
       1
       4
       4
       2
       1
       2
       2
       1
       1
       0
       2
       2
       1
       2
       1
       2
       0
       1
       0
       1
       0
       2
       2
       2
       2
       0
       2
       1
       0
       1
       1
       3
       1
       1
       2
       0
       0
       0
       1
       1
       2
       2
       1
       0
       2
       3
       1
       1
       3
       1
       1
       3
       2
       2
       0
       1
       0
       0
       0
       0
       0
       0
       0
       0
       0
       0
       1
       2
       1
       1
       2
       1
       0
       1
       1
       0
       1
       0
       0
       1
       2
       2
       0
       1
       1
       3
       0
       1
       1
       2
       0
       2
       1
       1
       2
       3
       3
       0
       0
       2
       1
       0
       0
       2
       1
       2
       1
       0
       1
       0
       0
       1
       1
       0
       3
       0
       4
       2
       1
       0
       1
       0
       1
       1
       0
       3
       2
       2
       0
       3
       1
       1
       0
       2
       1
       1
       1
       0
       0
       2
       1
       0
       0
       1
       0
       3
       1
       0
       0
       2
       2
       2
       0
       0
       1
       2
       0
       0
       0
       1
       2
       2
       1
       2
       2
       1
       1
       1
       1
       2
       2
       3
       1
       1
       0
       1
       1
       0
       1
       2
       3
       0
       1
       2
       3
       1
       1
       3
       1
       0
       2
       1
       0
       0
       1
       1
       2
       3
       1
       0
       1
       1
       3
       2
       1
       0
       0
       3
       3
       2
       2
       2
       2
       1
       0
       1
       0
       0
       0
       1
       1
       0
       1
       0
       0
       2
       0
       1
       1
       1
       2
       0
       1
       2
       0
       1
       0
       0
       0
       1
       0
       2
       1
       0
       1
       0
       1
       2
       1
       1
       1
       0
       1
       0
       0
       0
       1
       2
       1
       0
       1
       2
       3
       1
       0
       0
       1
       0
       1
       0
       0
       1
       3
       1
       0
       3
       2
       1
       2
       1
       2
       1
       1
       2
       3
       0
       0
       2
       0
       0
       1
       2
       0
       2
       1
       4
       2
       0
       1
       1
       0
       2
       3
       1
       2
       0
       0
       0
       0
       1
       1
       0
       1
       1
       1
       2
       1
       0
       1
       0
       3
       1
       0
       0
       1
       1
       0
       0
       0
       2
       1
       2
       1
       0
       0
       0
       0
       0
       0
       0
       0
       1
       2
       2
       2
       1
       0
       0
       1
       0
       0
       2
       2
       0
       1
       4
       0
       0
       1
       0
       1
       0
       0
       1
       2
       0
       2
       0
       0
       0
       1
       0
       1
       2
       3
       1
       0
       0
       0
       0
       1
       1
       0
       2
       3
       0
       0
       3
       1
       0
       0
       1
       1
       0
       0
       2
       0
       1
       0
       1
       0
       2
       2
       1
       1
       2
       0
       1
       0
       1
       5
       0
       1
       1
       1
       2
       1
       0
       0
       0
       1
       2
       0
       0
       2
       1
       0
       0
       0
       1
       0
       0
       1
       0
       0
       2
       1
       1
       0
       1
       0
       0
       2
       1
       0
       3
       0
       0
       1
       2
       2
       0
       1
       0
       2
       1
       1
       0
       1
       0
       0
       1
       1
       1
       3
       0
       2
       1
       1
       0
       0
       0
       0
       0
       1
       1
       3
       0
       0
       0
       1
       0
       0
       1
       1
       0
       0
       1
       1
       0
       2
       0
       0
       1
       0
       3
       2
       0
       2
       1
       4
       1
       2
       0
       1
       1
       0
       2
       1
       0
       0
       1
       2
       1
       4
       1
       2
       4
       4
       4
       0
       2
       1
       2
       1
       0
       2
       1
       0
       0
       2
       1
       1
       0
       1
       1
       3
       3
       1
       1
       1
       0
       0
       0
       0
       1
       4
       0
       0
       2
       0
       0
       1
       1
       1
       5
       3
       1
       4
       1
       0
       0
       0
       0
       1
       3
       0
       1
       2
       1
       1
       2
       2
       1
       0
       0
       2
       2
       0
       2
       2
       1
       0
       0
       1
       1
       1
       0
       2
       2
       1
       0
       1
       0
       1
       1
       2
       1
       0
       0
       1
       1
       0
       2
       1
       4
       1
       1
       1
       0
       2
       1
       1
       0
       2
       1
       0
       0
       0
       0
       0
       1
       0
       1
       1
       1
       0
       1
       2
       1
       1
       3
       3
       2
       2
       0
       0
       0
       0
       2
       0
       2
       1
       1
       0
       1
       0
       3
       0
       1
       1
       1
       0
       1
       2
       0
       5
       1
       0
       0
       0
       0
       0
       0
       2
       0
       0
       1
       0
       1
       2
       0
       0
       1
       1
       0
       1
       1
       1
       0
       1
       1
       1
       0
       1
       1
       1
       0
       1
       1
       1
       1
       1
       0
       0
       2
       0
       0
       1
       1
       1
       0
       1
       1
       2
       1
       1
       1
       1
       0
       0
       0
       1
       1
       0
       0
       0
       0
       0
       0
       1
       1
       0
       1
       1
       1
       0
       0
       2
       1
       2
       1
       1
       0
       0
       1
       2
       0
       2
       1
       1
       0
       2
       1
       0
       2
       2
       1
       2
       1
       2
       1
       2
       1
       2
       2
       2
       1
       0
       2
       0
       1
       1
       0
       1
       0
       0
       1
       1
       0
       1
       2
       2
       0
       1
       1
       0
       1
       1
       3
       1
       2
       0
       1
       3
       0
       0
       2
       0
       0
       0
       1
       1
       0
       0
       1
       0
       0
       1
       0
       1
       0
       1
       1
       2
       1
       1
       1
       3
       0
       0
       0
       0
       0
       1
       1
       1
       0
       3
       0
       0
       0
       0
       0
       2
       3
       0
       2
       3
       1
       1
       0
       0
       2
       0
       0
       0
       2
       0
       0
       0
       0
       2
       0
       0
       0
       0
       1
       0
       0
       1
       2
       1
       1
       1
       0
       0
       1
       2
       0
       0
       1
       2
       1
       2
       1
       0
       0
       1
       0
       1
       2
       1
       0
       1
       1
       1
       1
       0
       0
       0
       1
       0
       0
       1
       0
       0
       0
       0
       0
       0
       2
       0
       1
       0
       0
       0
       1
       1
       1
       0
       1
       0
       0
       1
       0
       4
       0
       0
       1
       1
       0
       1
       1
       0
       0
       2
       1
       0
       0
       0
       0
       0
       0
       0
       0
       0
       0
       1
       1
       0
       2
       0
       2
       0
       0
       1
       0
       2
       4
       1
       0
       0
       1
       0
       0
       1
       2
       0
       1
       1
       2
       1
       0
       0
       0
       0
       1
       0
       0
       1
       0
       2
       1
       2
       0
       0
       1
       0
       1
       2
       1
       0
       1
       0
       0
       0
       1
       0
       0
       0
       0
       0
       0
       0
       0
       0
       0
       0
       0
       0
       0
       0
       2
       0
       0
       1
       0
       2
       0
       1
       0
       0
       0
       2
       0
       0
       0
       1
       1
       0
       3
       0
       0
       0
       0
       0
       0
       0
       0
       0
       0
       0
       0
       0
       0
       0
       0
       1
       1
       0
       0
       0
       2
       1
       0
       0
       1
       1
       0
       0
       0
       0
       1
       2
       0
       0
       1
       0
       0
       0
       0
       1
       0
       1
       1
       2
       1
       1
       0
       0
       0
       1
       0
       0
       0
       1
       0
       0
       0
       1
       0
       2
       2
       0
       0
       0
       1
       0
       1
       0
       0
       0
       0
       0
       0
       1
       0
       1
       1
       0
       0
       1
       0
       1
       1
       0
       0
       1
       0
       1
       0
       1
       0
       0
       1
       1
       0
       0
       2
       1
       1
       1
       0
       1
       0
       1
       1
       1
       1
       1
       1
       1
       0
       0
       1
       0
       0
       0
       0
       0
       0
       1
       0
       0
       0
       0
       0
       1
       0
       0
       1
       1
       1
       0
       1
       1
       0
       1
       0
       0
       0
       1
       0
       0
       0
       0
       1
       2
       0
       1
       0
       0
       0
       0
       0
       0
       0
       0
       0
       0
       1
       0
       0
       0
       0
       0
       0
       0
       0
       0
       0
       0
       0
       1
       0
       1
       0
       0
       0
       0
       2
       0
       1
       0
       0
       1
       0
       0
       0
       0
       2
       0
       0
       0
       2
       3
      10
      10
      10
       6
       6
       2
       1
       1
       1
       1
       1
       0
       0
       0
       0
       0
       1
       0
       0
       2
       0
       0
       0
       2
       0
       0
       0
       0
       1
       0
       0
       0
       0
       0
       0
       0
       0
       0
       0
       0
       0
       1
       0
       0
       1
       0
       0
       1
       0
       0
       0
       0
       1
       0
       1
       0
       0
       0
       1
       1
       0
       0
       2
       0
       0
       0
       0
       1
       0
       0
       0
       2
       0
       0
       1
       1
       0
       0
       0
       1
       1
       0
       0
       0
       0
       1
       0
       1
       0
       1
       0
       0
       0
       0
       0
       0
       0
       1
       1
       0
       0
       0
       1
       0
       0
       0
       0
       0
       1
       0
       0
       1
       0
       0
       1
       1
       0
       0
       0
       0
       0
       0
       0
       0
       0
       0
       0
       0
       0
       0
       1
       0
       0
       0
       0
       0
       0
       0
       0
       0
       0
       0
       1
       0
       1
       0
       1
       1
       0
       0
       0
       0
       0
       0
       0
       0
       1
       0
       0
       0
       0
       0
       1
       0
       1
       1
       1
       0
       0
       1
       2
       0
       0
       1
       0
       1
       1
       0
       0
       0
       0
       0
       0
       0
       0
       1
       3
       1
       2
       0
       0
       0
       0
       1
       0
       0
       0
       1
       0
       1
       0
       0
       0
       1
       0
       0
       0
       0
       0
       0
       0
       0
       0
       0
       0
       0
       0
       0
       0
       1
       0
       1
       0
       0
       0
       0
       0
       0
       1
       0
       0
       1
       0
       0
       1
       0
       0
       0
       0
       2
       1
       1
       1
       0
       0
       0
       0
       0
       0
       0
       0
       0
       1
       0
       1
       2
       0
       0
       0
       1
       1
       0
       0
       0
       0
       0
       1
       0
       0
       0
       0
       0
       2
       0
       0
       0
       1
       0
       0
       0
       1
       1
       2
       0
       1
       0
       1
       0
       1
       0
       0
       1
       0
       0
       0
       2
       0
       1
       0
       0
       0
       0
       0
       0
       0
       0
       0
       0
       0
       0
       0
       0
       1
       0
       0
       1
       0
       0
       1
       1
       1
       0
       0
       0
       0
       1
       0
       0
       0
       0
       0
       0
       0
       0
       0
       1
       1
       0
       0
       0
       0
       0
       0
       1
       0
       1
       1
       0
       0
       1
       0
       0
       0
       0
       1
       0
       0
       1
       0
       0
       0
       0
       0
       0
       0
       0
       0
       0
       1
       0
       1
       0
       0
       0
       1
       1
       0
       0
       0
       0
       0
       0
       0
       0
       0
       1
       0
       0
       0
       0
       1
       2
       2
       0
       0
       0
       0
       0
       0
       0
       1
       0
       0
       0
       0
       0
       0
       1
       1
       2
       0
       0
       0
       0
       0
       0
       0
       1
       0
       0
       0
       0
       1
       0
       1
       0
       0
       0
       0
       1
       0
       0
       0
       0
       0
       0
       0
       0
       0
       1
       0
       0
       0
       1
       0
       0
       0
       0
       0
       0
       0
       0
       1
       0
       0
       0
       0
       0
       1
       0
       0
       1
       1
       0
       0
       0
       1
       1
       0
       0
       0
       0
       2
       0
       0
       0
       0
       0
       1
       0
       0
       0
       0
       0
       0
       0
       0
       0
       1
       0
       0
       0
       1
       2
       1
       0
       0
       0
       0
       0
       0
       0
       1
       1
       0
       0
       0
       0
       1
       0
       1
       0
       0
       0
       0
       0
       0
       0
       0
       1
       0
       1
       0
       0
       0
       1
       1
       1
       0
       1
       0
       0
       1
       0
       0
       0
       0
       0
       0
       1
       0
       0
       0
       0
       0
       1
       0
       1
       1
       0
       0
       1
       0
       0
       0
       0
       0
       0
       1
       0
       0
       1
       0
       0
       1
       0
       0
       0
       0
       1
       1
       0
       0
       0
       0
       0
       0
       0
       0
       0
       0
       0
       0
       0
       0
       0
       0
       1
       0
       0
       0
       0
       0
       0
       0
       0
       0
       0
       0
       0
       0
       0
       0
       0
       1
       0
       0
       0
       0
       1
       1
       0
       1
       0
       1
       2
       0
       2
       2
       2
       0
       0
       0
       0
       0
       0
       0
       0
       0
       0
       0
       0
       1
       1
       0
       0
       0
       0
       0
       1
       0
       1
       0
       0
       0
       0
       0
       0
       0
       0
       0
       0
       0
       0
       0
       0
       0
       0
       0
       1
       0
       0
       0
       0
       1
       1
       1
       1
       0
       0
       1
       0
       1
       0
       0
       0
       0
       0
       0
       0
       0
       0
       0
       0
       0
       0
       1
       0
       0
       1
       0
       0
       0
       0
       1
       0
       0
       0
       0
       0
       1
       0
       0
       0
       0
       1
       0
       0
       0
       0
       0
       0
       0
       0
       0
       0
       1
       0
       0
       1
       1
       0
       0
       0
       1
       1
       1
       0
       0
       1
       0
       0
       0
       2
       0
       0
       0
       0
       0
       0
       0
       0
       0
       0
       0
       0
       0
       0
       0
       0
       0
       0
       0
       1
       0
       0
       0
       0
       0
       0
       0
       1
       0
       0
       0
       0
       0
       1
       0
       0
       0
       0
       0
       0
       1
       0
       0
       0
       0
       1
       0
       0
       0
       0
       1
       0
       1
       0
       0
       0
       0
       0
       0
       0
       0
       0
       0
       0
       0
       0
       0
       0
       0
       0
       0
       0
       0
       1
       0
       0
       0
       0
       0
       0
       0
       0
       0
       0
       0
       0
       0
       0
       0
       0
       0
       0
       0
       0
       2
       0
       0
       0
       0
       0
       0
       0
       0
       0
       1
       0
       0
       0
       0
       0
       0
       0
       0
       0
       0
       0
       0
       0
       0
       0
       1
       0
       1
       0
       0
       0
       1
       0
       0
       0
       0
       0
       0
       1
       1
       0
       2
       0
       0
       0
       0
       0
       0
       0
       0
       0
       0
       0
       0
       0
       0
       0
       0
       1
       0
       0
       0
       0
       1
       0
       0
       0
       0
       0
       0
       0
       0
       1
       0
       0
       0
       0
       0
       0
       2
       0
       0
       0
       0
       0
       1
       0
       0
       0
       1
       1
       0
       1
       1
       0
       0
       0
       0
       0
       0
       0
       0
       0
       0
       1
       0
       0
       0
       0
       0
       0
       0
       0
       0
       0
       0
       0
       1
       0
       0
       0
       0
       0
       0
       0
       0
       0
       0
       0
       0
       0
       0
       0
       0
       1
       0
       0
       0
       0
       0
       0
       0
       0
       0
       0
       1
       0
       0
       1
       0
       1
       0
       1
       0
       0
       1
       0
       0
       0
       0
       0
       0
       0
       1
       1
       0
       0
       0
       0
       0
       0
       0
       0
       1
       0
       0
       1
       0
       0
       0
       1
       0
       0
       0
       1
       1
       0
       0
       0
       0
       0
       0
       0
       0
       0
       0
       0
       0
       1
       1
       1
       0
       0
       0
       0
       2
       1
       0
       0
       0
       0
       0
       0
       0
       0
       0
       0
       0
       0
       0
       0
       0
       0
       0
       1
       0
       0
       0
       0
       0
       0
       0
       0
       0
       0
       0
       1
       0
       0
       0
       0
       0
       0
       2
       0
       0
       0
       0
       0
       1
       0
       1
       0
       1
       0
       0
       1
       0
       0
       0
       0
       0
       0
       0
       0
       0
       0
       1
       0
       0
       0
       0
       0
       0
       0
       0
       0
       0
       0
       0
       0
       1
       0
       0
       0
       0
       0
       0
       0
       0
       1
       0
       0
       0
       0
       0
       0
       0
       0
       0
       0
       0
       0
       0
       0
       0
       0
       0
       0
       0
       0
       0
       0
       0
       0
       0
       0
       0
       0
       0
       0
       0
       0
       0
       0
       0
       0
       0
       0
       1
       0
       0
       0
       0
       0
       1
       0
       0
       0
       1
       1
       0
       0
       0
       0
       0
       0
       0
       0
       0
       0
       0
       1
       0
       0
       0
       0
       1
       0
       0
       1
       0
       2
       0
       0
       1
       0
       1
       0
       0
       0
       0
       0
       0
       1
       0
       0
       0
       0
       0
       0
       0
       0
       0
       0
       1
       0
       1
       0
       1
       0
       1
       0
       1
       1
       2
       0
       0
       0
       0
       0
       0
       0
       0
       0
       0
       0
       1
       0
       0
       0
       1
       0
       0
       0
       0
       0
       0
       0
       0
       0
       0
       1
       0
       0
       1
       0
       1
       0
       0
       0
       0
       0
       0
       0
       0
       0
       0
       0
       0
       0
       0
       0
       0
       0
       0
       0
       0
       0
       0
       0
       0
       0
       0
       1
       0
       0
       0
       0
       1
       1
       0
       0
       1
       0
       0
       1
       0
       0
       0
       0
       0
       1
       0
       0
       2
       1
       0
       0
       1
       0
       0
       1
       0
       1
       0
       0
       0
       0
       0
       0
       0
       0
       0
       0
       0
       0
       0
       0
       0
       0
       0
       0
       0
       0
       0
       0
       1
       0
       0
       2
       0
       0
       0
       0
       0
       0
       0
       1
       0
       0
       1
       1
       0
       0
       0
       0
       0
       0
       1
       0
       0
       0
       0
       0
       0
       0
       1
       0
       1
       0
       0
       0
       0
       0
       0
       0
       1
       0
       0
       0
       0
       0
       0
       0
       0
       0
       0
       1
       0
       1
       0
       0
       0
       0
       0
       0
       0
       0
       0
       0
       0
       0
       0
       0
       0
       0
       0
       0
       0
       0
       0
       0
       1
       0
       0
       0
       0
       0
       0
       1
       0
       0
       0
       0
       0
       0
       0
       1
       0
       0
       0
       0
       0
       0
       1
       1
       0
       0
       0
       0
       0
       0
       0
       0
       1
       0
       0
       0
       0
       0
       0
       0
       0
       0
       0
       0
       0
       1
       1
       0
       0
       0
       0
       1
       0
       0
       1
       0
       0
       0
       0
       0
       0
       0
       0
       0
       0
       0
       0
       0
       0
       0
       0
       0
       1
       0
       0
       0
       0
       0
       0
       0
       0
       0
       0
       0
       0
       0
       0
       0
       0
       0
       0
       1
       0
       0
       2
       0
       1
       2
       1
       0
       2
       1
       1
       0
       0
       0
       0
       0
       0
       0
       0
       0
       0
       1
       0
       0
       0
       1
       1
       0
       0
       0
       0
       0
       0
       0
       0
       1
       1
       0
       0
       0
       0
       1
       0
       0
       0
       0
       0
       1
       0
       0
       0
       0
       0
       0
       1
       0
       0
       0
       0
       0
       0
       0
       0
       0
       0
       0
       1
       0
       0
       0
       0
       1
       0
       0
       0
       0
       1
       0
       0
       0
       0
       0
       0
       1
       0
       0
       0
       0
       0
       0
       0
       0
       0
       0
       0
       1
       0
       0
       0
       0
       0
       0
       0
       0
       1
       0
       1
       0
       0
       0
       0
       1
       0
       0
       0
       0
       0
       0
       0
       0
       0
       0
       0
       0
       0
       0
       0
       0
       0
       0
       0
       0
       0
       0
       0
       0
       0
       0
       0
       0
       0
       0
       0
       0
       0
       0
       1
       0
       0
       1
       0
       0
       0
       0
       0
       0
       1
       0
       0
       0
       0
       0
       0
       0
       0
       0
       0
       0
       0
       0
       1
       0
       0
       0
       0
       1
       0
       0
       0
       0
       0
       0
       0
       0
       0
       0
       0
       0
       0
       0
       0
       1
       0
       2
       1
       0
       1
       0
       0
       0
       0
       1
       1
       1
       1
       0
       0
       0
       0
       0
       0
       0
       0
       0
       0
       1
       0
       0
       0
       0
       0
       0
       0
       0
       0
       0
       0
       0
       0
       0
       0
       0
       0
       1
       0
       0
       0
       0
       0
       0
       0
       0
       0
       0
       0
       0
       1
       0
       0
       0
       1
       0
       1
       0
       0
       0
       0
       0
       0
       0
       0
       1
       0
       0
       0
       0
       0
       0
       0
       0
       0
       0
       0
       0
       0
       0
       0
       1
       0
       1
       0
       0
       0
       0
       0
       0
       0
       0
       0
       0
       0
       0
       0
       0
       0
       0
       0
       0
       0
       0
       0
       0
       0
       0
       0
       0
       0
       0
       0
       0
       0
       0
       1
       0
       0
       0
       0
       0
       1
       0
       0
       0
       0
       0
       0
       0
       0
       0
       1
       0
       1
       0
       0
       0
       0
       0
       0
       0
       0
       0
       0
       0
       0
       0
       0
       0
       0
       0
       0
       0
       1
       0
       0
       0
       0
       0
       0
       0
       0
       0
       0
       0
       0
       0
       0
       2
       1
       0
       0
       1
       0
       0
       0
       0
       0
       0
       1
       0
       0
       1
       1
       0
       0
       1
       0
       0
       0
       0
       0
       0
       0
       0
       0
       0
       0
       0
       0
       0
       0
       0
       0
       0
       0
       0
       0
       0
       0
       0
       0
       0
       0
       0
       0
       0
       0
       2
       0
       0
       0
       0
       0
       0
       0
       0
       0
       0
       0
       1
       0
       0
       1
       0
       0
       0
       0
       0
       0
       0
       0
       0
       0
       0
       0
       0
       0
       0
       0
       0
       1
       0
       0
       0
       0
       0
       0
       0
       0
       0
       0
       0
       0
       0
       0
       0
       1
       0
       1
       0
       0
       0
       0
       0
       0
       0
       0
       0
       0
       0
       0
       0
       0
       0
       2
       1
       0
       0
       0
       0
       1
       0
       0
       1
       0
       0
       0
       0
       0
       0
       0
       0
       0
       0
       0
       0
       0
       0
       0
       0
       0
       0
       0
       0
       0
       0
       0
       0
       0
       0
       0
       0
       0
       0
       1
       0
       0
       0
       1
       0
       0
       0
       0
       1
       0
       0
       0
       0
       0
       0
       1
       0
       0
       0
       0
       0
       0
       0
       1
       0
       1
       0
       0
       0
       0
       0
       0
       0
       0
       0
       0
       0
       0
       0
       0
       0
       0
       0
       0
       0
       0
       0
       0
       0
       0
       0
       0
       0
       0
       0
       0
       0
       0
       0
       0
       0
       0
       0
       0
       0
       0
       0
       0
       0
       0
       0
       0
       0
       0
       0
       1
       0
       0
       0
       1
       0
       0
       0
       0
       0
       0
       0
       0
       0
       0
       0
       0
       0
       1
       0
       0
       0
       0
       0
       0
       0
       0
       0
       0
       0
       0
       0
       0
       0
       0
       0
       0
       0
       0
       0
       0
       0
       0
       1
       0
       0
       0
       0
       0
       0
       0
       0
       0
       0
       0
       0
       1
       0
       1
       0
       0
       0
       0
       0
       0
       0
       0
       0
       0
       0
       0
       0
       1
       0
       0
       0
       0
       0
       0
       1
       0
       0
       1
       0
       0
       0
       1
       0
       0
       0
       0
       0
       0
       0
       0
       0
       0
       0
       0
       0
       0
       0
       0
       0
       0
       0
       0
       0
       0
       0
       0
       0
       0
       0
       0
       0
       0
       0
       0
       1
       2
       0
       0
       0
       0
       0
       0
       1
       0
       0
       0
       0
       0
       0
       0
       0
       0
       1
       0
       0
       0
       0
       0
       0
       0
       0
       0
       0
       0
       0
       0
       0
       0
       0
       0
       0
       0
       0
       0
       0
       0
       0
       0
       0
       1
       0
       0
       0
       0
       0
       0
       0
       0
       0
       0
       0
       0
       0
       0
       0
       0
       0
       0
       0
       0
       0
       0
       0
       0
       0
       0
       0
       0
       0
       0
       0
       0
       0
       0
       0
       0
       0
       0
       0
       0
       0
       0
       1
       0
       0
       0
       0
       0
       0
       0
       0
       0
       0
       0
       0
       0
       0
       0
       0
       0
       0
       0
       0
       0
       0
       0
       0
       0
       0
       0
       0
       0
       0
       2
       3
       3
       3
       4
       0
       0
       0
       0
       0
       0
       0
       0
       0
       0
       0
       0
       0
       0
       0
       0
       0
       0
       1
       0
       0
       0
       0
       0
       0
       0
       0
       0
       0
       0
       0
       0
       0
       0
       0
       0
       1
       0
       0
       0
       0
       0
       0
       0
       0
       1
       0
       0
       0
       0
       0
       0
       0
       1
       0
       1
       0
       0
       0
       0
       0
       0
       0
       0
       0
       0
       0
       0
       0
       0
       1
       0
       0
       0
       0
       0
       0
       0
       0
       0
       0
       0
       0
       0
       0
       0
       0
       0
       0
       1
       0
       0
       0
       0
       0
       0
       1
       0
       0
       0
       0
       0
       0
       0
       0
       0
       0
       0
       0
       0
       0
       1
       0
       0
       0
       0
       1
       0
       0
       0
       0
       0
       0
       0
       0
       0
       0
       0
       0
       0
       0
       0
       0
       0
       0
       0
       0
       0
       0
       0
       0
       1
       0
       0
       0
       0
       0
       0
       0
       0
       0
       0
       0
       0
       0
       0
       0
       0
       0
       0
       0
       0
       0
       0
       0
       0
       0
       0
       0
       0
       0
       0
       0
       0
       0
       0
       0
       0
       0
       0
       1
       0
       0
       0
       0
       1
       0
       0
       0
       0
       0
       0
       1
       0
       0
       0
       0
       0
       0
       0
       0
       0
       0
       0
       0
       0
       0
       0
       0
       0
       0
       0
       0
       0
       0
       0
       0
       0
       0
       0
       0
       0
       0
       0
       0
       0
       0
       0
       0
       0
       1
       0
       0
       0
       0
       1
       0
       0
       0
       0
       0
       0
       0
       0
       0
       0
       0
       0
       0
       0
       0
       0
       1
       0
       0
       0
       0
       0
       0
       0
       0
       0
       0
       0
       0
       0
       0
       0
       0
       0
       0
       0
       0
       0
       0
       0
       0
       1
       0
       0
       0
       0
       0
       0
       0
       0
       0
       0
       0
       0
       0
       0
       0
       0
       0
       1
       0
       0
       0
       0
       0
       0
       0
       0
       0
       0
       0
       0
       0
       0
       0
       0
       0
       0
       0
       0
       0
       0
       0
       0
       0
       0
       0
       0
       0
       0
       0
       0
       0
       0
       0
       0
       0
       0
       0
       0
       0
       0
       0
       0
       0
       0
       0
       0
       0
       0
       0
       0
       0
       1
       0
       0
       0
       0
       0
       0
       0
       0
       0
       0
       0
       0
       0
       0
       0
       0
       0
       0
       0
       0
       0
       0
       1
       0
       0
       0
       0
       0
       0
       0
       0
       0
       0
       0
       0
       0
       0
       0
       0
       0
       0
       0
       0
       0
       0
       0
       0
       0
       0
       0
       1
       0
       0
       0
       0
       0
       0
       0
       0
       0
       0
       0
       0
       0
       0
       0
       1
       0
       0
       0
       0
       0
       0
       0
       0
       0
       0
       0
       0
       0
       0
       0
       0
       0
       0
       0
       0
       0
       0
       0
       0
       0
       0
       0
       0
       0
       0
       0
       0
       0
       0
       0
       0
       0
       0
       0
       0
       0
       0
       0
       0
       0
       0
       0
       0
       0
       0
       0
       0
       0
       0
       0
       0
       0
       0
       1
       0
       0
       0
       0
       0
       0
       0
       0
       0
       0
       0
       0
       0
       0
       0
       0
       0
       0
       0
       0
       0
       0
       0
       0
       0
       0
       0
       1
       0
       0
       0
       0
       0
       0
       0
       0
       0
       0
       0
       0
       0
       0
       0
       0
       0
       0
       1
       0
       0
       0
       0
       1
       0
       0
       0
       0
       0
       0
       0
       0
       0
       0
       0
       0
       0
       0
       0
       0
       0
       0
       0
       0
       0
       0
       0
       0
       0
       0
       0
       0
       0
       0
       0
       0
       0
       0
       0
       0
       0
       0
       0
       0
       0
       0
       0
       0
       0
       0
       0
       0
       0
       0
       0
       0
       0
       0
       0
       1
       0
       0
       0
       0
       0
       0
       0
       0
       0
       0
       0
       0
       0
       0
       0
       0
       0
       0
       0
       0
       0
       0
       0
       0
       0
       0
       0
       0
       0
       0
       0
       0
       0
       0
       0
       0
       0
       0
       0
       0
       0
       0
       0
       0
       0
       0
       0
       0
       0
       0
       0
       0
       0
       0
       0
       0
       0
       0
       0
       0
       0
       0
       0
       0
       0
       0
       0
       0
       0
       0
       0
       0
       0
       0
       0
       0
       0
       0
       0
       0
       1
       0
       0
       0
       0
       0
       0
       0
       0
       0
       0
       0
       0
       0
       0
       0
       0
       1
       0
       0
       0
       0
       0
       0
       0
       0
       0
       0
       0
       0
       0
       0
       0
       0
       0
       0
       0
       0
       0
       0
       0
       0
       0
       0
       0
       0
       0
       0
       0
       0
       0
       0
       0
       0
       0
       0
       0
       0
       0
       0
       0
       0
       0
       0
       0
       0
       0
       0
       0
       0
       0
       0
       0
       0
       0
       0
       0
       0
       0
       0
       0
       0
       0
       0
       0
       0
       0
       0
       0
       0
       0
       0
       0
       0
       1
       0
       0
       0
       0
       0
       0
       0
       0
       0
       0
       0
       0
       0
       0
       0
       0
       0
       0
       0
       0
       0
       0
       0
       0
       0
       0
       0
       0
       0
       0
       0
       0
       0
       0
       0
       0
       0
       0
       0
       0
       0
       0
       0
       0
       0
       0
       0
       0
       0
       0
       0
       0
       0
       0
       0
       0
       0
       0
       0
       0
       1
       0
       0
       0
       0
       0
       0
       0
       0
       0
       0
       0
       0
       0
       0
       0
       0
       0
       0
       0
       0
       0
       0
       0
       0
       0
       0
       0
       0
       0
       0
       0
       0
       0
       0
       0
       0
       0
       0
       0
       0
       0
       0
       0
       0
       0
       0
       0
       0
       0
       0
       0
       0
       0
       0
       0
       0
       0
       0
       0
       0
       0
       0
       0
       0
       0
       0
       0
       0
       0
       0
       0
       0
       0
       0
       0
       0
       0
       0
       0
       0
       0
       0
       0
       0
       0
       0
       0
       0
       0
       0
       0
       0
       0
       0
       0
       0
       0
       0
       0
       0
       0
       1
       0
       0
       0
       0
       0
       0
       0
       0
       0
       0
       0
       0
       0
       0
       0
       0
       0
       0
       0
       0
       0
       0
       0
       0
       0
       0
       0
       0
       0
       0
       0
       0
       0
       0
       0
       0
       0
       0
       0
       0
       0
       0
       0
       0
       0
       0
       0
       0
       0
       0
       0
       0
       0
       0
       0
       0
       0
       0
       0
       0
       0
       0
       0
       0
       0
       0
       0
       0
       0
       1
       0
       0
       0
       0
       0
       0
       0
       0
       0
       0
       0
       1
       0
       0
       0
       0
       0
       0
       0
       0
       0
       0
       0
       0
       0
       0
       0
       0
       0
       0
       0
       0
       0
       0
       0
       0
       0
       0
       0
       0
       0
       0
       1
       0
       0
       0
       0
       0
       0
       0
       0
       0
       0
       0
       0
       0
       0
       0
       0
       0
       0
       0
       0
       0
       0
       0
       0
       0
       0
       0
       0
       0
       0
       0
       0
       0
       0
       0
       0
       0
       0
       0
       0
       0
       0
       1
       0
       0
       0
       0
       0
       0
       0
       0
       0
       0
       0
       0
       0
       0
       0
       0
       0
       0
       0
       0
       0
       0
       0
       0
       0
       0
       0
       1
       0
       0
       0
       0
       0
       0
       0
       0
       0
       0
       0
       0
       0
       0
       0
       0
       1
       1
       0
       0
       0
       0
       0
       0
       0
       0
       1
       0
       0
       0
       0
       0
       0
       1
       0
       0
       0
       0
       0
       0
       0
       0
       0
       0
       0
       0
       0
       0
       0
       0
       0
       0
       0
       0
       0
       0
       0
       0
       0
       0
       0
       0
       0
       0
       0
       0
       0
       0
       0
       0
       0
       0
       0
       0
       0
       0
       0
       1
       0
       0
       0
       0
       0
       0
       0
       0
       0
       0
       0
       0
       0
       0
       0
       0
       0
       0
       0
       0
       0
       0
       0
       0
       0
       0
       0
       0
       0
       0
       0
       0
       0
       0
       0
       0
       0
       0
       0
       0
       1
       0
       0
       0
       0
       0
       0
       0
       0
       0
       0
       0
       0
       0
       0
       0
       0
       0
       0
       0
       0
       0
       0
       0
       0
       0
       0
       0
       0
       0
       0
       0
       0
       0
       0
       0
       0
       0
       0
       0
       0
       0
       0
       0
       0
       1
       0
       0
       0
       0
       0
       0
       0
       0
       0
       0
       0
       0
       0
       0
       0
       0
       1
       0
       0
       0
       0
       0
       0
       0
       0
       0
       0
       0
       0
       0
       0
       0
       0
       1
       0
       0
       0
       0
       0
       0
       0
       0
       0
       0
       1
       0
       0
       0
       0
       0
       0
       0
       0
       0
       0
       0
       0
       0
       0
       0
       0
       0
       0
       0
       0
       0
       0
       0
       0
       0
       0
       0
       0
       0
       0
       0
       0
       0
       0
       0
       0
       0
       0
       0
       0
       0
       0
       0
       0
       1
       0
       0
       0
       0
       0
       0
       0
       0
       0
       0
       0
       0
       0
       0
       0
       0
       0
       0
       0
       0
       0
       0
       0
       0
       0
       0
       0
       0
       0
       0
       1
       0
       0
       0
       0
       0
       0
       0
       0
       0
       0
       0
       0
       0
       0
       0
       0
       0
       0
       0
       0
       0
       0
       0
       0
       0
       0
       0
       0
       0
       0
       0
       0
       0
       0
       0
       0
       0
       0
       0
       0
       0
       0
       0
       0
       0
       0
       0
       0
       0
       0
       0
       0
       0
       0
       0
       0
       0
       0
       0
       0
       0
       0
       0
       0
       0
       0
       0
       0
       0
       0
       0
       0
       0
       0
       0
       0
       0
       0
       0
       2
       0
       0
       0
       0
       0
       0
       0
       0
       0
       0
       0
       0
       1
       1
       0
       0
       0
       0
       0
       0
       0
       0
       0
       0
       0
       0
       0
       0
       0
       0
       0
       0
       0
       0
       0
       0
       0
       0
       0
       0
       0
       0
       0
       0
       0
       0
       0
       0
       0
       0
       0
       0
       0
       0
       0
       1
       0
       0
       0
       0
       0
       0
       0
       0
       0
       0
       0
       0
       0
       0
       0
       0
       0
       0
       0
       0
       0
       0
       0
       0
       0
       0
       0
       0
       0
       0
       0
       0
       0
       0
       0
       0
       0
       0
       0
       1
       0
       0
       0
       0
       0
       0
       0
       0
       0
       0
       0
       0
       0
       0
       0
       0
       0
       0
       0
       0
       0
       0
       0
       0
       0
       0
       0
       0
       0
       0
       0
       0
       0
       0
       0
       0
       0
       0
       0
       0
       0
       0
       0
       0
       1
       0
       0
       0
       0
       0
       0
       0
       0
       0
       0
       0
       0
       0
       0
       0
       0
       0
       0
       0
       0
       0
       0
       0
       0
       0
       0
       0
       0
       0
       0
       0
       0
       0
       0
       0
       0
       0
       0
       1
       0
       0
       0
       0
       0
       0
       0
       0
       0
       0
       0
       0
       0
       0
       0
       0
       0
       0
       0
       0
       0
       1
       0
       0
       0
       0
       0
       0
       0
       0
       0
       0
       0
       0
       0
       0
       0
       0
       0
       0
       0
       0
       0
       0
       0
       0
       0
       0
       0
       0
       0
       0
       0
       0
       0
       0
       0
       0
       0
       0
       0
       0
       0
       0
       0
       0
       0
       0
       0
       0
       0
       0
       0
       0
       0
       0
       0
       0
       0
       0
       0
       0
       0
       0
       0
       0
       0
       0
       0
       0
       0
       0
       0
       0
       0
       0
       0
       0
       0
       0
       0
       0
       0
       0
       0
       0
       0
       0
       0
       0
       0
       0
       0
       0
       0
       0
       0
       0
       0
       0
       0
       0
       0
       1
       0
       1
       0
       0
       0
       0
       0
       0
       0
       0
       0
       0
       0
       0
       0
       0
       0
       0
       0
       0
       0
       0
       0
       0
       0
       0
       0
       0
       0
       0
       0
       0
       0
       0
       0
       0
       0
       0
       0
       0
       0
       0
       0
       0
       0
       0
       0
       0
       0
       0
       0
       0
       0
       0
       0
       0
       0
       0
       0
       0
       0
       0
       0
       0
       1
       0
       0
       1
       0
       0
       0
       0
       0
       0
       0
       0
       0
       0
       0
       0
       0
       0
       0
       0
       0
       0
       0
       0
       0
       0
       0
       0
       0
       0
       0
       0
       0
       0
       0
       0
       0
       0
       0
       0
       0
       0
       0
       1
       0
       0
       0
       0
       0
       0
       0
       0
       0
       0
       0
       0
       0
       0
       0
       0
       0
       0
       0
       0
       0
       0
       0
       0
       0
       0
       0
       0
       0
       0
       0
       0
       0
       0
       0
       0
       0
       0
       0
       0
       0
       0
       0
       0
       0
       0
       0
       0
       0
       0
       0
       0
       0
       0
       0
       0
       0
       0
       0
       0
       0
       0
       0
       0
       0
       0
       1
       0
       0
       0
       0
       0
       0
       0
       0
       0
       0
       0
       0
       0
       0
       0
       0
       0
       0
       0
       0
       0
       0
       0
       0
       0
       0
       0
       0
       0
       0
       0
       0
       0
       0
       0
       0
       0
       0
       0
       0
       0
       1
       0
       0
       0
       0
       0
       0
       0
       0
       0
       0
       0
       0
       0
       0
       0
       0
       0
       0
       0
       0
       0
       0
       0
       0
       0
       0
       0
       0
       0
       0
       0
       0
       0
       0
       0
       0
       0
       0
       0
       0
       0
       0
       0
       0
       1
       0
       0
       0
       0
       0
       0
       0
       0
       0
       0
       0
       0
       0
       0
       0
       0
       0
       0
       0
       0
       0
       1
       0
       0
       0
       0
       0
       0
       0
       0
       0
       0
       0
       0
       0
       0
       0
       0
       0
       0
       0
       0
       0
       0
       0
       0
       0
       0
       0
       0
       0
       0
       0
       0
       0
       1
       1
       0
       0
       0
       0
       0
       0
       0
       0
       0
       0
       0
       0
       0
       0
       0
       0
       0
       0
       0
       0
       0
       0
       0
       0
       0
       0
       0
       0
       0
       0
       0
       0
       0
       0
       0
       0
       0
       0
       1
       0
       0
       0
       0
       0
       0
       0
       0
       0
       0
       0
       0
       0
       0
       0
       0
       0
       0
       0
       0
       0
       0
       0
       0
       0
       0
       0
       0
       0
       0
       0
       0
       0
       0
       0
       0
       0
       0
       0
       0
       0
       0
       0
       1
       0
       0
       0
       1
       0
       0
       0
       0
       0
       0
       0
       0
       0
       0
       0
       0
       0
       0
       0
       0
       0
       0
       0
       0
       0
       0
       0
       0
       0
       0
       0
       0
       0
       0
       0
       0
       0
       0
       0
       0
       0
       0
       0
       0
       0
       0
       0
       0
       0
       0
       0
       0
       0
       0
       0
       0
       0
       0
       0
       0
       0
       0
       0
       0
       0
       0
       0
       0
       0
       0
       0
       0
       0
       0
       0
       0
       0
       0
       0
       0
       0
       0
       0
       0
       0
       0
       0
       0
       0
       0
       0
       0
       0
       0
       0
       0
       0
       0
       0
       0
       0
       0
       0
       0
       0
       0
       0
       0
       0
       0
       0
       0
       0
       0
       0
       0
       0
       0
       0
       0
       0
       0
       0
       0
       0
       0
       0
       0
       0
       0
       0
       0
       0
       0
       0
       0
       0
       0
       0
       0
       0
       0
       0
       0
       0
       0
       0
       0
       0
       0
       0
       0
       0
       0
       0
       0
       0
       0
       0
       0
       0
       0
       0
       0
       0
       0
       0
       0
       0
       0
       0
       0
       0
       0
       0
       0
       0
       0
       0
       0
       0
       0
       0
       0
       0
       0
       0
       0
       0
       0
       0
       0
       0
       0
       0
       0
       0
       0
       0
       0
       0
       0
       0
       0
       0
       0
       0
       0
       0
       0
       0
       0
       0
       0
       0
       0
       0
       0
       0
       0
       1
       0
       0
       0
       0
       0
       0
       0
       0
       0
       0
       0
       0
       0
       0
       0
       0
       0
       0
       0
       0
       0
       0
       0
       0
       0
       0
       0
       0
       0
       0
       0
       0
       1
       0
       0
       0
       0
       0
       0
       0
       0
       0
       0
       0
       0
       0
       0
       0
       0
       0
       0
       0
       0
       0
       0
       0
       0
       0
       0
       0
       0
       0
       1
       0
       0
       0
       0
       0
       0
       0
       0
       0
       0
       0
       0
       0
       0
       0
       0
       0
       0
       0
       0
       0
       0
       0
       0
       0
       0
       0
       0
       0
       0
       0
       0
       0
       0
       0
       0
       0
       0
       0
       0
       0
       0
       0
       0
       0
       0
       0
       0
       0
       0
       0
       0
       0
       0
       0
       0
       0
       0
       0
       0
       0
       0
       0
       0
       0
       0
       0
       0
       0
       0
       0
       0
       0
       0
       0
       0
       0
       0
       0
       0
       0
       0
       0
       0
       0
       0
       0
       0
       0
       0
       0
       0
       0
       0
       0
       0
       0
       0
       1
       0
       0
       0
       0
       0
       0
       0
       0
       0
       0
       0
       0
       0
       0
       0
       0
       0
       0
       0
       0
       0
       0
       0
       0
       0
       0
       0
       0
       0
       0
       0
       0
       0
       0
       0
       0
       0
       0
       0
       0
       0
       0
       0
       0
       0
       0
       0
       0
       1
       0
       0
       0
       0
       0
       0
       0
       0
       0
       0
       0
       0
       0
       0
       0
       0
       0
       0
       0
       0
       0
       0
       0
       0
       0
       0
       0
       0
       0
       0
       0
       0
       0
       0
       0
       0
       0
       0
       0
       0
       0
       0
       0
       0
       0
       0
       0
       0
       0
       0
       0
       0
       0
       0
       0
       0
       0
       0
       0
       0
       0
       0
       0
       0
       0
       0
       0
       0
       0
       0
       0
       0
       0
       0
       0
       0
       0
       0
       0
       0
       0
       0
       0
       0
       0
       0
       0
       0
       0
       0
       0
       0
       0
       1
       0
       1
       0
       0
       0
       0
       1
       0
       0
       0
       1
       0
       0
       0
       0
       0
       0
       0
       0
       0
       0
       1
       2
       1
       0
       0
       0
       1
       1
       0
       1
       0
       0
       0
       0
       0
       1
       1
       0
       0
       1
       0
       1
       0
       0
       0
       1
       0
       0
       0
       0
       1
       0
       0
       0
       0
       0
       0
       0
       0
       0
       0
       0
       1
       0
       0
       0
       0
       1
       0
       0
       1
       0
       1
       0
       0
       0
       0
       0
       0
       1
       0
       0
       0
       1
       0
       0
       0
       0
       0
       0
       0
       0
       0
       0
       0
       0
       0
       0
       2
       0
       0
       0
       0
       1
       0
       0
       0
       1
       0
       0
       0
       1
       0
       0
       0
       0
       0
       0
       0
       0
       0
       0
       0
       0
       1
       0
       0
       1
       0
       0
       1
       0
       0
       1
       0
       1
       1
       1
       0
       0
       1
       1
       0
       1
       0
       1
       0
       0
       0
       0
       0
       1
       0
       0
       0
       1
       0
       0
       0
       0
       0
       1
       0
       0
       0
       0
       0
       0
       0
       0
       0
       1
       1
       1
       0
       0