       0
       0
       0
       0
       0
       0
       0
       0
       0
       0
       0
       0
       0
       0
       0
       0
       0
       0
       0
       0
       0
       0
       0
       0
       0
       0
       0
       0
       0
       0
       0
       0
       0
       0
       0
       1
       0
       0
       0
       0
       0
       0
       0
       0
       0
       0
       0
       0
       4
      93
     225
     218
     206
     223
     233
     218
     204
     191
     207
     201
     228
     204
     185
     196
     188
     187
     206
     179
     200
     180
     208
     181
     193
     208
     207
     184
     172
     211
     180
     204
     189
     189
     212
     190
     197
     325
     526
     525
     347
     175
     171
     178
     185
     152
     145
     153
     225
     397
     441
     303
     250
     189
     123
     120
     147
     143
     132
     117
     118
     137
     104
     133
     115
     143
     117
     130
     119
     126
     118
     109
     124
     114
     133
     116
     134
     115
     109
     116
     113
     107
     100
     126
      99
     125
     124
     120
     101
     120
     124
     113
     114
     110
     118
     109
     103
     106
     123
     114
     104
     134
     112
     121
     144
     141
     145
     110
     121
     146
     135
     128
     150
     125
     122
     126
     126
     141
     123
     131
     153
     130
     145
     152
     165
     206
     189
     192
     221
     232
     253
     222
     221
     206
     195
     176
     192
     201
     185
     190
     182
     164
     174
     191
     169
     170
     144
     172
     145
     140
     164
     151
     170
     156
     156
     141
     147
     156
     167
     159
     169
     158
     156
     166
     171
     139
     166
     148
     180
     151
     153
     153
     164
     204
     164
     163
     181
     175
     162
     167
     166
     173
     173
     178
     176
     185
     185
     186
     168
     174
     169
     201
     183
     183
     188
     197
     218
     195
     177
     211
     202
     221
     393
    2138
    6385
    7113
    2928
     565
     176
     127
     133
     113
     144
     117
     120
     128
     123
     134
     121
     146
     123
     127
     122
     117
     113
     125
     130
     111
     105
     116
     118
     118
     132
     110
     125
     104
     117
     127
     122
     137
     124
     140
     106
     122
     137
     115
     128
     107
     122
     138
     135
     121
     134
     151
     125
     115
     148
     156
     140
     132
     145
     141
     173
     157
     151
     149
     155
     154
     128
     138
     148
     153
     139
     164
     153
     145
     154
     158
     136
     126
     122
     132
     135
     140
     118
     118
     130
     109
     109
     120
     120
     130
     127
     121
     101
     124
     145
     122
     131
     111
     122
     121
     102
     124
     108
     119
     114
     106
      96
     121
     108
     124
     113
     134
     106
     122
     124
     108
     109
     123
      96
     110
     125
     128
     107
     109
     106
      99
     122
     117
     125
     108
     120
     107
      94
     103
     113
     111
     107
      93
     119
     108
     123
     121
     119
      93
     106
      95
     113
     123
     120
      95
     109
      95
     103
     111
     114
      98
     105
     108
     104
     108
     128
     121
      96
     106
      93
     113
     109
     109
     117
      97
     102
     103
     102
     100
     107
     106
      96
      98
     110
      97
     114
     107
     115
      88
      95
     100
      91
      99
     135
      86
     101
     100
     102
     110
     103
     106
      95
      97
     107
      92
      90
     108
      91
     103
      99
      96
      87
     102
     103
      76
      97
      87
      90
     109
      72
      83
      90
      76
      86
      73
     102
      82
      75
     101
      93
      78
      72
      70
      79
      73
      76
      79
      75
      64
      85
      63
      83
      82
      86
      93
      70
      80
      70
      69
      72
      93
      75
      62
      65
     100
     335
     943
    1274
     726
     211
      68
      64
      66
      76
      78
      62
      63
      49
      52
      58
      71
      67
      66
      65
      61
      48
      56
      66
      67
      46
      61
      52
      66
      64
      63
      60
      45
      63
      56
      67
      45
      50
      65
      58
      46
      61
      62
      61
      44
      51
      51
      53
      48
      54
      57
      49
      50
      61
      60
      62
      57
      49
      45
      57
      57
      56
      63
      59
      49
      52
      47
      48
      36
      57
      49
      45
      53
      57
      47
      44
      39
      51
      34
      46
      55
      51
      37
      51
      58
      51
      45
      57
      46
      53
      47
      51
      42
      39
      38
      44
      47
      51
      41
      47
      40
      59
      38
      44
      53
      70
      99
     113
      65
      38
      54
      55
      47
      49
      49
      43
      32
      39
      35
      54
      44
      37
      47
      48
      51
      40
      45
      35
      34
      41
      24
      45
      39
      50
      46
      43
      55
      43
      35
      42
      41
      41
      36
      50
      42
      52
      53
      42
      32
      40
      30
      37
      48
      41
      40
      45
      47
      38
      34
      33
      39
      50
      40
      37
      51
      52
      45
      39
      33
      40
      50
      45
      28
      44
      57
      43
      40
      44
      38
      50
      36
      33
      42
      42
      33
      39
      33
      46
      33
      40
      29
      40
      27
      44
      48
      41
      26
      40
      48
      42
      31
      57
     191
     943
    2334
    2660
    1363
     354
      68
      32
      35
      38
      30
      33
      35
      35
      41
      32
      47
      32
      35
      45
      30
      31
      37
      34
      41
      29
      27
      34
      37
      34
      31
      49
      39
      32
      30
      34
      29
      27
      28
      31
      33
      26
      38
      32
      38
      31
      28
      48
      43
      75
     120
      89
      53
      29
      27
      23
      26
      41
      29
      29
      34
      29
      39
      30
      26
      19
      35
      34
      19
      39
      30
      24
      28
      38
      33
      18
      28
      32
      30
      31
      24
      23
      29
      20
      28
      39
      45
      24
      37
      40
      24
      33
      28
      33
      27
      26
      25
      31
      30
      29
      31
      26
      35
      24
      32
      28
      31
      33
      26
      40
      28
      26
      38
      35
      24
      31
      38
      27
      28
      42
      26
      28
      27
      30
      35
      27
      25
      30
      25
      25
      42
      42
      39
      32
      24
      33
      63
     126
     211
     150
      63
      37
      34
      21
      32
      22
      35
      32
      32
      30
      25
      31
      33
      24
      35
      31
      36
      28
      34
      31
      30
      24
      40
      27
      24
      41
      27
      27
      28
      33
      24
      18
      29
      30
      22
      23
      34
      37
      32
      35
      27
      31
      31
      24
      37
      26
      22
      34
      31
      26
      25
      17
      26
      24
      27
      27
      36
      26
      26
      22
      31
      40
      57
     117
     215
     262
     163
      49
      30
      23
      26
      25
      21
      32
      31
      23
      31
      21
      29
      28
      27
      22
      21
      33
      26
      33
      23
      33
      22
      26
      31
      32
      21
      23
      34
      28
      25
      27
      25
      26
      28
      32
      36
      32
      24
      29
      26
      32
      28
      23
      19
      25
      27
      31
      26
      34
      30
      34
      26
      26
      29
      34
      27
      36
      24
      13
      26
      34
      28
      37
      28
      23
      30
      26
      30
      22
      26
      33
      24
      22
      25
      33
      39
      32
      27
      28
      24
      30
      23
      31
      32
      32
      28
      31
      42
      57
      35
      41
      30
      22
      27
      28
      25
      27
      24
      32
      23
      36
      33
      29
      23
      31
      25
      21
      23
      26
      33
      24
      19
      29
      33
      26
      27
      27
      35
      30
      40
      32
      23
      25
      26
      28
      32
      40
      25
      21
      29
      28
      33
      41
      53
      34
      45
      50
      24
      30
      25
      26
      27
      21
      24
      37
      23
      25
      29
      21
      29
      25
      21
      34
      34
      41
      31
      19
      20
      26
      20
      32
      32
      34
      32
      25
      28
      28
      37
      27
      28
      36
      30
      34
      26
      27
      27
      31
      34
      24
      28
      26
      31
      27
      37
      31
      32
      29
      31
      21
      33
      29
      23
      27
      24
      25
      31
      22
      30
      26
      45
      35
      38
      31
      25
      28
      28
      25
      28
      26
      28
      33
      26
      25
      28
      26
      31
      24
      28
      30
      32
      25
      35
      27
      30
      33
      28
      40
      24
      34
      29
      19
      40
      30
      34
      34
      23
      34
      27
      30
      35
      45
      52
      44
      41
      39
      39
      36
      39
      37
      33
      31
      38
      29
      27
      32
      37
      27
      25
      36
      20
      25
      27
      32
      21
      30
      26
      44
      42
      25
      29
      31
      17
      31
      31
      32
      28
      34
      31
      32
      33
      34
      30
      31
      21
      38
      51
      51
      52
      33
      27
      40
      22
      20
      34
      30
      22
      25
      26
      22
      30
      19
      21
      21
      32
      33
      30
      25
      21
      21
      19
      17
      35
      26
      21
      26
      27
      16
      25
      23
      23
      27
      22
      27
      23
      28
      23
      22
      25
      23
      25
      24
      27
      24
      31
      33
      32
      18
      29
      25
      31
      24
      25
      18
      30
      25
      28
      22
      30
      33
      17
      41
      19
      28
      31
      29
      21
      19
      24
      24
      22
      21
      23
      21
      28
      23
      19
      34
      27
      29
      18
      24
      22
      23
      26
      19
      25
      27
      29
      22
      25
      21
      19
      13
      26
      20
      17
      27
      30
      31
      14
      31
      31
      21
      18
      21
      27
      29
      27
      26
      22
      22
      22
      27
      16
      34
      39
      24
      23
      13
      20
      25
      39
      22
      20
      27
      22
      27
      24
      23
      23
      23
      21
      31
      18
      20
      19
      24
      38
      24
      42
      25
      23
      18
      27
      20
      28
      24
      26
      22
      30
      38
      22
      20
      30
      21
      30
      26
      13
      27
      18
      19
      22
      21
      17
      19
      21
      31
      16
      30
      24
      23
      25
      15
      28
      28
      30
      38
      20
      20
      29
      27
      24
      43
      31
      41
      40
      33
      28
      22
      17
      12
      23
      31
      24
      33
      23
      32
      15
      27
      23
      22
      28
      29
      65
      58
      48
      33
      26
      25
      26
      27
      15
      21
      22
      25
      19
      16
      17
      24
      27
      39
      24
      24
      24
      16
      16
      19
      14
      32
      20
      21
      23
      21
      30
      32
      31
      18
      21
      21
      24
      27
      22
      34
      17
      18
      27
      27
      23
      25
      29
      31
      29
      27
      26
      18
      23
      18
      30
      20
      15
      16
      37
      26
      38
      24
      31
      39
      34
      20
      13
      23
      23
      19
      34
      28
      31
      25
      26
      24
      19
      20
      22
      21
      22
      26
      25
      20
      29
      24
      25
      31
      20
      26
      26
      23
      25
      30
      24
      22
      26
      22
      16
      30
      24
      27
      20
      21
      26
      18
      25
      21
      21
      19
      23
      30
      21
      16
      23
      24
      25
      25
      27
      20
      18
      26
      31
      15
      24
      23
      19
      26
      23
      19
      21
      25
      21
      31
      19
      20
      28
      21
      24
      26
      22
      24
      22
      21
      20
      27
      22
      24
      16
      29
      24
      17
      27
      28
      28
      30
      27
      30
      17
      17
      28
      21
      24
      22
      17
      25
      21
      19
      24
      23
      18
      26
      21
      26
      18
      21
      24
      20
      14
      16
      28
      77
     204
     408
     473
     317
     142
      44
      16
      15
      17
      13
      22
      27
      25
      15
      22
      24
      16
      25
      15
      25
      14
      26
      19
      11
      22
      12
      24
      12
      19
      16
      18
      18
      22
      27
      23
      17
      17
      18
      29
      29
      20
      23
      13
      14
      14
      17
      18
      21
      23
      18
      19
      17
      18
      20
      18
      22
      12
      25
      15
      11
      25
      15
      16
      16
      21
      31
      33
      29
      15
      23
      26
      18
       9
      20
      18
      19
      16
      20
      21
      29
      27
      18
      18
      13
      24
      18
      19
      17
      19
      19
      20
      18
      18
      23
      16
      21
      11
      18
      22
      25
      10
      23
      15
      20
      12
      23
      19
      17
      17
      16
      21
      22
      19
      26
      16
      20
      20
      24
      14
      13
      24
      25
      21
      23
      16
      24
      18
      16
      21
      24
      24
      18
      18
      19
      25
      12
      23
      22
      29
      23
      15
      15
      14
      23
      28
      16
      21
      28
      21
      18
      17
      22
      20
      19
      30
      24
      19
      16
      18
      15
      23
      23
      18
      18
      29
      17
      19
      19
      28
      18
      22
      15
      15
      19
      14
      18
      15
      26
      38
      57
     119
     148
     143
      65
      28
      19
      11
      22
      18
      30
      28
      19
      21
      21
      22
      22
      24
      20
      24
      20
      17
      17
      19
      23
      19
      13
      19
      26
      20
      22
      15
      20
      14
      12
      21
      12
      15
      24
      13
      14
      24
      12
      15
      18
      19
      24
      20
      16
      15
      20
      13
      21
      19
      19
      19
      12
      11
      13
      12
      14
      21
      23
      13
      18
      18
      23
      19
      17
      22
      25
      17
      20
      16
      16
      15
      12
      18
      17
      13
      16
      19
      27
      14
      11
      24
      19
      11
      20
      15
      12
      11
      15
      15
      17
      11
      11
      11
      12
      10
      12
      14
      16
      10
      10
      14
      16
      26
      19
      16
      23
       9
      15
      10
      19
      19
      12
       9
      13
      20
      13
      23
      18
      10
      15
      16
      13
       8
      17
      17
      19
      14
      20
      17
      10
      15
       7
      21
       7
      13
      15
       8
       9
      10
      16
      13
      13
      12
       9
      19
       6
      13
       8
       8
      12
      16
      13
      10
      14
       8
      14
       8
      11
       8
      15
      18
      13
       7
       2
      12
      15
      12
      12
       9
       7
      18
      12
      15
       8
      12
      13
      14
      14
       7
      14
       9
       5
      11
      12
      10
       9
       9
      21
      12
      18
      58
     138
     313
     398
     364
     219
      66
      21
      18
      13
      12
       9
       8
      10
      13
      14
      15
       9
       6
       8
      10
      10
       9
      14
      12
      10
       7
       3
      10
      13
      10
       8
       5
      12
      14
       8
      13
       9
       9
      10
      12
      10
       8
       7
       9
       8
       9
      11
      16
       9
       5
       9
      12
      11
      14
      14
      13
      12
       8
       5
       5
      11
      10
       8
      17
      10
      11
       8
      10
       5
       6
       6
       8
      14
      10
       6
       9
      10
       7
       7
       5
       9
       5
      16
      21
      21
      19
      39
      24
      12
       7
      13
       6
      10
       8
      10
       8
       6
      10
      15
      11
       4
       6
       6
       7
      11
       4
       6
       6
       8
      15
      10
      13
       8
      11
       6
       9
       4
       9
       9
       8
       5
      14
       4
       7
       5
       5
       4
       4
      10
      10
       4
       7
       9
       9
      12
      13
       6
      13
       6
       9
       5
      10
       7
       7
       8
      11
       4
       7
       7
       9
      10
      10
      14
      13
       7
       9
       6
       8
      10
       8
       8
      10
       6
       6
       7
       5
       8
       7
      17
       4
       8
       6
       5
       8
      13
       4
       8
       5
       6
       7
       9
      12
      12
      13
       7
      14
      13
       7
       6
       7
       8
       8
       8
       6
       9
      11
      10
       8
       8
       4
      10
       8
       5
       9
      11
       7
       3
       8
      10
       6
       6
       7
       9
      12
       7
      15
       8
       7
      13
      13
       5
       8
       7
       9
       3
       6
       7
      10
      10
       5
       8
       9
       9
      10
       9
      14
       9
       5
      11
       5
      10
      10
      11
      10
       9
      13
      23
      77
     146
     239
     237
     121
      53
      24
      11
      26
      47
      51
      36
      19
      20
       7
      12
       9
      10
       4
      10
      12
       9
       3
      11
       8
       4
      10
       8
      11
      11
      10
       4
      12
      13
      11
       8
       7
       7
      11
      12
       7
      11
       7
      10
       8
       8
       6
      17
      14
      12
       8
       8
      32
      86
     186
     316
     309
     205
     107
      34
      12
      13
       8
       9
       7
       6
      10
       8
       7
       7
       9
      11
      10
      13
       8
       9
      10
      11
       9
      10
      10
       7
       6
      14
       5
       6
       6
      14
      12
       7
       9
       6
      13
       6
       9
       8
      13
       8
       6
       7
       9
       6
       7
      10
       7
      12
       9
       9
      12
      11
      10
       7
       4
       8
      13
       8
       6
      17
      12
       9
      15
       9
      11
       7
       6
       7
      12
      17
       8
       5
      12
      12
      11
       9
      13
       9
       7
       9
      14
      17
       9
      10
      14
       9
       5
       7
       7
       6
      17
       8
       9
       8
       9
      10
       7
       7
      11
       8
       9
      10
      10
       8
       6
      10
      11
      10
      11
      10
      13
      12
       7
      10
      10
       8
      13
      11
      19
       5
       9
       8
       8
       8
       7
      11
      10
      14
       8
      10
       6
      10
       4
      12
       8
       9
       6
       6
      12
      12
      12
      10
       7
       9
      10
      18
      10
      14
       9
      11
      12
       9
       8
      10
       7
      11
       4
       8
      12
       7
       6
       9
       7
       5
       8
       4
       7
      10
       8
       6
       8
       4
      10
       3
       7
       8
       7
       8
       4
       4
       5
       7
       3
       8
      10
       7
      13
       9
       5
      16
       8
      11
       5
       5
       3
       5
       5
       9
       6
       9
      18
      31
      37
      28
      13
      16
       6
       4
       6
       6
       9
       6
       2
       8
       5
      10
       4
       6
       7
       6
       9
       6
       3
       5
       7
       6
       6
       4
       4
       4
       8
       7
       6
       4
       9
       4
       2
       5
       5
       5
       4
       6
       5
       8
       5
       3
       3
       9
       5
       3
       5
       6
       6
       5
       4
       5
       5
       8
       4
       7
       3
       4
       3
       6
       4
       4
       2
       5
       4
       5
       5
       2
       6
      10
       3
       3
       8
      10
       5
       7
       7
       4
       4
       7
       5
       3
       6
       6
       7
       4
       2
       4
       4
       3
       4
       3
       4
       3
       3
       5
       8
       3
       4
       3
       3
       4
       3
       5
       3
       3
       1
       3
       9
       4
       2
       2
       5
       2
       6
       8
       3
       4
       4
       3
       5
       3
       7
      13
       7
       5
       5
       3
       3
       1
       3
       2
       6
       2
       4
       2
       2
       3
       0
       2
       1
       4
       4
       0
       2
       1
       3
       3
       3
       2
       2
       6
       6
       2
       2
       4
       2
       1
       7
       6
       2
       6
       2
       3
       5
       0
       4
       3
       5
       4
       9
      19
      35
      29
      33
      20
       5
       3
       1
       0
       1
       4
       0
       0
       1
       0
       3
       1
       5
       4
       2
       1
       2
       2
       0
       3
       6
       0
       2
       2
       2
       1
       3
       1
       1
       4
       6
       2
       1
       2
       0
       0
       0
       2
       0
       2
       2
       4
       2
       2
       2
       1
       2
       2
       0
       2
       2
       0
       2
       1
       1
       1
       0
       1
       2
       5
       1
       0
       5
       2
       3
       0
       1
       0
       1
       0
       4
       1
       0
       2
       0
       0
       1
       3
       0
       0
       1
       3
       2
       2
       3
       2
       1
       1
       1
       1
       2
       3
       2
       1
       1
       0
       3
       2
       0
       1
       2
       2
       1
       1
       2
       0
       1
       3
       2
       0
       2
       0
       0
       2
       3
       1
       2
       0
       1
       1
       1
       1
       1
       3
       0
       3
       1
       1
       1
       4
       2
       0
       1
       1
       1
       0
       2
       2
       3
       1
       0
       1
       2
       0
       0
       0
       1
       1
       0
       1
       3
       1
       4
       2
       0
       1
       2
       4
       0
       0
       1
       2
       2
       1
       1
       2
       1
       2
       0
       2
       1
       2
       0
       0
       1
       3
       1
       1
       0
       4
       1
       1
       1
       1
       6
       0
       1
       1
       1
       1
       0
       3
       2
       2
       1
       0
       1
       2
       1
       3
       1
       0
       0
       1
       1
       0
       0
       0
       1
       3
       1
       1
       4
       5
      25
      72
     173
     330
     360
     291
     170
      50
      22
       6
       1
       1
       0
       2
       0
       2
       1
       2
       1
       2
       1
       0
       2
       1
       0
       0
       0
       1
       1
       1
       1
       0
       2
       0
       0
       1
       1
       0
       2
       0
       0
       0
       0
       1
       0
       0
       1
       0
       0
       1
       1
       0
       0
       2
       0
       0
       2
       1
       2
       0
       0
       0
       0
       0
       1
       1
       1
       0
       1
       0
       1
       1
       0
       1
       0
       1
       0
       0
       0
       0
       1
       1
       1
       1
       0
       0
       0
       0
       0
       0
       0
       0
       0
       0
       0
       1
       0
       1
       0
       0
       1
       0
       2
       6
      12
      12
       8
       4
       4
       8
      12
      14
       7
       9
       4
       1
       0
       0
       2
       0
       1
       0
       1
       3
       0
       0
       1
       1
       2
       0
       0
       0
       0
       1
       0
       1
       0
       0
       1
       0
       1
       2
       1
       1
       0
       1
       0
       1
       1
       1
       0
       1
       1
       1
       1
       0
       1
       1
       0
       1
       0
       0
       1
       0
       0
       1
       0
       1
       0
       0
       1
       0
       0
       0
       1
       0
       1
       0
       0
       1
       0
       1
       0
       1
       0
       0
       0
       0
       0
       1
       1
       0
       2
       0
       0
       2
       2
       0
       0
       0
       1
       0
       0
       0
       1
       0
       0
       1
       3
       1
       1
       1
       1
       0
       1
       1
       0
       0
       1
       2
       1
       1
       1
       0
       1
       2
       0
       0
       0
       0
       0
       2
       0
       0
       0
       0
       1
       0
       0
       0
       0
       2
       0
       0
       0
       4
       1
       3
       7
       1
       5
       3
       2
       2
       0
       0
       0
       0
       0
       0
       1
       0
       0
       0
       0
       2
       1
       2
       2
       0
       1
       0
       1
       2
       0
       0
       1
       0
       1
       0
       0
       0
       0
       0
       0
       2
       0
       0
       0
       0
       0
       0
       1
       1
       0
       0
       2
       0
       0
       1
       0
       0
       0
       0
       0
       0
       0
       3
       1
       1
       0
       0
       0
       0
       1
       0
       1
       0
       0
       0
       1
       0
       0
       2
       0
       0
       0
       0
       0
       2
       2
       0
       1
       0
       1
       0
       0
       1
       0
       0
       0
       0
       0
       0
       0
       0
       0
       0
       1
       0
       1
       1
       0
       0
       2
       0
       0
       2
       0
       2
       0
       0
       2
       0
       0
       0
       0
       0
       0
       0
       1
       1
       0
       0
       0
       1
       1
       1
       0
       0
       1
       0
       1
       1
       2
       0
       1
       0
       0
       0
       2
       0
       0
       0
       0
       0
       0
       0
       0
       2
       0
       1
       0
       2
       0
       1
       0
       0
       1
       1
       0
       2
       1
       0
       1
       0
       0
       0
       1
       0
       0
       0
       0
       1
       1
       0
       0
       1
       1
       0
       0
       1
       0
       0
       0
       0
       0
       1
       1
       0
       0
       0
       3
       0
       1
       0
       1
       0
       1
       0
       1
       0
       0
       0
       0
       0
       1
       0
       0
       0
       0
       0
       0
       3
       0
       0
       0
       0
       0
       0
       0
       0
       0
       2
       1
       0
       0
       1
       0
       0
       0
       0
       3
       0
       1
       0
       0
       0
       0
       2
       0
       0
       0
       0
       0
       0
       0
       2
       0
       0
       0
       0
       1
       0
       0
       1
       0
       0
       1
       0
       1
       0
       0
       1
       0
       1
       1
       0
       0
       0
       1
       0
       1
       0
       0
       1
       0
       1
       0
       0
       2
       0
       0
       0
       0
       1
       0
       0
       1
       0
       0
       0
       0
       1
       0
       0
       0
       0
       0
       0
       0
       0
       0
       1
       1
       0
       1
       2
       0
       0
       1
       0
       0
       0
       0
       1
       1
       2
       1
       1
       1
       1
       0
       0
       0
       1
       0
       0
       0
       0
       0
       0
       0
       0
       1
       1
       0
       0
       1
       0
       0
       0
       1
       0
       0
       0
       0
       0
       1
       0
       1
       0
       0
       0
       0
       1
       1
       0
       0
       1
       0
       1
       0
       0
       0
       0
       0
       0
       0
       0
       0
       0
       0
       1
       0
       0
       0
       1
       0
       0
       1
       1
       0
       0
       0
       0
       0
       0
       0
       2
       0
       0
       1
       0
       1
       0
       0
       0
       0
       0
       0
       0
       1
       0
       1
       1
       0
       0
       2
       1
       0
       0
       0
       2
       0
       1
       1
       0
       0
       0
       1
       0
       0
       0
       0
       0
       1
       0
       1
       0
       0
       0
       0
       0
       0
       0
       0
       0
       0
       0
       1
       1
       0
       0
       1
       0
       1
       0
       0
       1
       0
       0
       0
       0
       0
       1
       0
       0
       0
       1
       0
       0
       0
       0
       1
       0
       0
       1
       0
       0
       0
       0
       2
       0
       0
       3
       4
       4
       2
       2
       0
       1
       1
       0
       0
       1
       0
       0
       0
       1
       1
       0
       0
       0
       0
       0
       0
       0
       0
       0
       0
       0
       0
       0
       0
       1
       0
       0
       1
       0
       0
       0
       0
       0
       0
       1
       0
       1
       1
       0
       0
       1
       2
       0
       0
       0
       0
       1
       0
       0
       0
       0
       0
       2
       1
       0
       0
       0
       0
       0
       0
       0
       0
       0
       0
       0
       0
       0
       0
       0
       0
       0
       1
       0
       1
       0
       0
       0
       0
       0
       1
       0
       1
       1
       0
       0
       0
       0
       0
       0
       0
       0
       1
       0
       0
       1
       0
       0
       0
       0
       0
       1
       0
       0
       0
       0
       0
       0
       0
       0
       0
       0
       0
       0
       1
       0
       1
       1
       0
       1
       1
       1
       0
       2
       0
       0
       0
       0
       1
       0
       0
       0
       0
       2
       0
       0
       0
       0
       1
       1
       2
       1
       0
       0
       0
       0
       0
       3
       0
       0
       1
       0
       0
       1
       0
       1
       0
       0
       0
       0
       0
       0
       1
       0
       0
       1
       1
       0
       2
       1
       0
       0
       0
       0
       0
       1
       0
       0
       0
       0
       0
       0
       0
       1
       1
       1
       0
       1
       0
       0
       0
       0
       0
       0
       1
       0
       0
       0
       0
       1
       0
       1
       0
       0
       0
       1
       1
       0
       0
       0
       0
       1
       0
       0
       0
       0
       0
       0
       0
       0
       0
       0
       0
       0
       1
       1
       1
       0
       0
       0
       0
       0
       0
       0
       0
       0
       0
       1
       0
       1
       1
       0
       0
       1
       0
       1
       0
       0
       0
       0
       0
       1
       0
       0
       1
       0
       0
       0
       0
       0
       0
       0
       0
       0
       0
       0
       0
       0
       1
       0
       0
       0
       0
       0
       1
       0
       0
       0
       0
       0
       0
       0
       0
       0
       0
       0
       1
       1
       0
       0
       0
       0
       0
       0
       1
       0
       0
       0
       0
       0
       0
       0
       0
       1
       0
       0
       0
       0
       0
       0
       0
       0
       0
       0
       0
       0
       0
       0
       2
       0
       0
       0
       0
       0
       0
       0
       1
       0
       1
       0
       1
       0
       1
       0
       0
       0
       0
       0
       0
       1
       0
       0
       0
       1
       1
       0
       0
       0
       1
       1
       0
       0
       0
       0
       0
       0
       0
       0
       0
       0
       0
       1
       1
       0
       1
       0
       0
       0
       1
       2
       0
       0
       1
       1
       0
       0
       0
       0
       0
       1
       0
       0
       0
       0
       1
       0
       0
       0
       0
       0
       0
       1
       0
       0
       1
       1
       0
       0
       2
       0
       0
       0
       0
       0
       1
       0
       1
       1
       0
       0
       0
       0
       0
       0
       0
       0
       0
       3
       0
       0
       0
       0
       0
       0
       0
       0
       1
       0
       0
       0
       0
       0
       0
       0
       0
       0
       2
       0
       0
       0
       0
       1
       0
       2
       0
       0
       0
       0
       1
       0
       0
       0
       0
       0
       0
       1
       0
       0
       0
       0
       0
       0
       0
       0
       0
       0
       0
       0
       0
       0
       0
       0
       1
       0
       0
       0
       0
       0
       0
       0
       0
       1
       1
       0
       0
       0
       0
       0
       0
       1
       0
       0
       0
       1
       0
       0
       0
       0
       0
       1
       2
       0
       0
       0
       0
       0
       0
       0
       0
       0
       0
       0
       0
       0
       0
       0
       1
       0
       0
       0
       0
       0
       0
       1
       0
       0
       0
       0
       0
       0
       0
       1
       0
       0
       1
       0
       0
       1
       0
       1
       0
       0
       0
       0
       0
       0
       0
       0
       0
       0
       0
       0
       0
       0
       0
       1
       1
       0
       0
       0
       0
       1
       0
       0
       0
       0
       0
       0
       0
       0
       1
       0
       0
       0
       1
       0
       0
       0
       0
       0
       0
       0
       0
       0
       0
       0
       0
       0
       0
       1
       1
       0
       1
       0
       0
       0
       0
       0
       1
       0
       1
       0
       0
       0
       0
       0
       0
       0
       0
       0
       0
       0
       0
       0
       0
       0
       0
       0
       0
       0
       1
       0
       1
       0
       0
       0
       1
       0
       0
       0
       0
       1
       0
       1
       0
       0
       0
       0
       1
       0
       1
       0
       1
       0
       0
       0
       0
       0
       0
       0
       0
       0
       0
       0
       1
       0
       0
       1
       0
       1
       0
       0
       0
       0
       0
       0
       0
       0
       0
       0
       0
       0
       0
       0
       0
       0
       1
       0
       0
       0
       0
       0
       1
       1
       0
       0
       1
       0
       0
       0
       0
       0
       0
       0
       0
       0
       0
       0
       0
       0
       0
       0
       0
       0
       0
       0
       0
       0
       0
       1
       1
       0
       0
       0
       0
       0
       0
       0
       0
       0
       0
       0
       0
       0
       0
       0
       0
       0
       1
       0
       0
       0
       0
       0
       0
       0
       0
       0
       1
       0
       0
       0
       0
       1
       0
       0
       1
       0
       0
       0
       0
       1
       0
       0
       0
       0
       0
       0
       0
       0
       0
       0
       1
       1
       0
       0
       0
       0
       0
       0
       0
       0
       1
       0
       0
       0
       0
       0
       0
       0
       3
       0
       0
       0
       1
       0
       0
       0
       0
       0
       0
       0
       0
       0
       0
       0
       0
       0
       0
       0
       0
       0
       0
       0
       0
       0
       0
       0
       0
       0
       0
       0
       0
       0
       0
       0
       0
       0
       0
       0
       0
       0
       0
       0
       0
       0
       0
       1
       0
       0
       0
       0
       0
       0
       0
       0
       0
       0
       1
       0
       0
       0
       0
       0
       1
       0
       0
       0
       0
       0
       0
       0
       0
       1
       0
       0
       0
       1
       0
       0
       0
       0
       1
       0
       0
       0
       0
       0
       0
       0
       0
       0
       0
       0
       0
       0
       0
       0
       1
       0
       0
       1
       0
       0
       0
       0
       2
       0
       0
       0
       1
       1
       0
       0
       0
       1
       0
       0
       0
       0
       0
       0
       0
       0
       0
       0
       0
       0
       0
       0
       1
       0
       0
       0
       0
       0
       0
       0
       1
       0
       0
       0
       1
       0
       0
       0
       0
       0
       1
       0
       0
       0
       0
       0
       0
       0
       0
       0
       0
       0
       0
       0
       0
       0
       0
       0
       0
       0
       0
       0
       0
       0
       0
       0
       0
       1
       1
       1
       0
       0
       0
       0
       0
       0
       1
       0
       0
       0
       0
       0
       0
       0
       0
       0
       2
       0
       1
       0
       0
       0
       0
       0
       0
       0
       0
       0
       0
       0
       0
       0
       0
       0
       0
       1
       1
       0
       1
       0
       0
       0
       0
       0
       0
       0
       0
       0
       0
       0
       0
       0
       1
       0
       0
       0
       1
       0
       0
       0
       0
       0
       0
       0
       0
       0
       0
       0
       0
       0
       1
       0
       0
       0
       0
       0
       1
       1
       0
       0
       0
       0
       0
       0
       0
       0
       0
       0
       0
       0
       0
       0
       1
       0
       1
       0
       0
       1
       1
       0
       0
       0
       0
       0
       0
       0
       1
       0
       0
       0
       0
       1
       0
       0
       0
       0
       0
       0
       0
       0
       0
       0
       0
       0
       0
       0
       1
       0
       0
       0
       0
       0
       0
       0
       0
       0
       0
       1
       1
       0
       0
       0
       0
       0
       0
       0
       0
       0
       0
       0
       0
       0
       1
       0
       0
       0
       0
       0
       0
       0
       0
       0
       1
       0
       0
       0
       0
       1
       0
       0
       0
       0
       0
       0
       0
       0
       0
       0
       0
       0
       0
       0
       0
       0
       0
       0
       0
       1
       0
       0
       0
       0
       2
       0
       0
       0
       0
       0
       0
       0
       0
       0
       0
       0
       0
       0
       0
       0
       0
       0
       0
       0
       0
       0
       0
       0
       0
       0
       0
       1
       0
       0
       0
       0
       0
       1
       0
       1
       0
       0
       0
       0
       0
       0
       0
       1
       0
       0
       0
       0
       0
       1
       0
       0
       0
       1
       0
       0
       1
       0
       1
       0
       0
       0
       1
       0
       1
       0
       0
       1
       0
       0
       0
       0
       0
       0
       0
       0
       0
       1
       0
       0
       0
       0
       0
       0
       0
       0
       0
       0
       0
       0
       0
       0
       0
       1
       1
       0
       0
       0
       1
       0
       0
       0
       1
       0
       0
       1
       0
       0
       0
       0
       0
       0
       0
       0
       0
       0
       0
       0
       0
       0
       0
       1
       0
       0
       0
       1
       0
       0
       0
       0
       0
       0
       0
       1
       0
       1
       0
       0
       0
       0
       0
       0
       0
       0
       0
       0
       0
       0
       1
       0
       0
       1
       0
       1
       0
       0
       0
       1
       0
       0
       0
       0
       0
       0
       0
       1
       0
       0
       0
       0
       0
       0
       0
       0
       0
       0
       0
       0
       0
       0
       0
       1
       0
       0
       0
       0
       0
       0
       0
       0
       0
       0
       0
       0
       0
       0
       0
       0
       0
       0
       0
       0
       0
       0
       0
       0
       0
       0
       0
       0
       0
       0
       0
       0
       0
       0
       0
       0
       0
       0
       0
       0
       0
       0
       0
       0
       0
       0
       0
       0
       0
       2
       0
       1
       0
       2
       0
       0
       0
       0
       0
       0
       0
       0
       0
       0
       0
       0
       1
       0
       0
       0
       1
       0
       0
       0
       0
       0
       1
       1
       0
       0
       0
       0
       0
       0
       0
       0
       1
       0
       1
       0
       0
       0
       0
       0
       0
       0
       0
       0
       0
       0
       0
       0
       0
       0
       0
       0
       0
       0
       0
       0
       0
       0
       0
       0
       0
       0
       0
       0
       1
       1
       0
       0
       0
       0
       0
       0
       0
       0
       1
       0
       0
       0
       0
       0
       0
       0
       0
       0
       0
       1
       1
       0
       0
       0
       0
       0
       2
       0
       0
       0
       0
       0
       0
       0
       0
       0
       0
       0
       0
       0
       0
       0
       0
       0
       0
       0
       0
       0
       0
       0
       0
       0
       0
       0
       0
       1
       0
       0
       0
       0
       0
       0
       0
       0
       0
       0
       1
       1
       0
       0
       0
       0
       0
       0
       0
       1
       0
       0
       0
       0
       0
       0
       0
       0
       0
       0
       0
       0
       0
       0
       0
       0
       0
       0
       0
       0
       0
       0
       0
       0
       0
       0
       0
       0
       0
       0
       0
       0
       0
       0
       0
       0
       1
       0
       0
       0
       0
       0
       0
       0
       0
       0
       0
       0
       1
       0
       0
       0
       0
       0
       0
       0
       0
       0
       0
       0
       0
       0
       0
       0
       0
       0
       0
       0
       0
       0
       0
       0
       0
       0
       0
       0
       0
       0
       0
       0
       0
       0
       0
       0
       0
       0
       0
       0
       0
       0
       0
       0
       0
       0
       0
       0
       0
       0
       0
       0
       0
       0
       0
       0
       1
       0
       0
       0
       0
       0
       0
       0
       0
       0
       0
       0
       0
       0
       0
       1
       0
       1
       0
       0
       0
       0
       1
       1
       0
       0
       0
       0
       0
       0
       0
       0
       1
       0
       0
       0
       0
       0
       0
       0
       0
       1
       0
       0
       0
       0
       0
       0
       0
       0
       0
       0
       0
       0
       0
       0
       0
       0
       0
       0
       0
       0
       0
       0
       0
       0
       0
       0
       0
       0
       0
       0
       0
       0
       0
       0
       0
       0
       0
       0
       0
       0
       0
       1
       0
       0
       2
       2
       2
       2
       2
       1
       2
       0
       0
       0
       0
       0
       0
       1
       0
       0
       0
       0
       0
       0
       0
       0
       0
       0
       0
       0
       0
       0
       0
       0
       0
       0
       0
       0
       0
       0
       0
       0
       0
       0
       0
       0
       0
       0
       0
       0
       0
       0
       0
       0
       0
       0
       0
       0
       0
       0
       0
       0
       0
       0
       0
       0
       0
       0
       0
       0
       0
       0
       0
       0
       0
       0
       0
       0
       0
       1
       1
       0
       0
       0
       0
       0
       0
       0
       0
       0
       0
       0
       0
       0
       0
       0
       0
       0
       0
       0
       0
       0
       0
       0
       0
       0
       0
       0
       0
       0
       0
       0
       0
       0
       0
       0
       1
       0
       0
       0
       0
       0
       0
       0
       0
       1
       0
       0
       0
       0
       0
       0
       0
       0
       1
       0
       0
       1
       0
       0
       1
       0
       0
       0
       0
       0
       0
       0
       0
       0
       0
       0
       0
       1
       0
       0
       0
       0
       0
       0
       0
       0
       0
       0
       0
       0
       0
       0
       0
       0
       0
       0
       0
       0
       0
       0
       0
       0
       0
       0
       0
       0
       0
       0
       0
       0
       0
       0
       0
       0
       0
       0
       0
       0
       0
       0
       0
       0
       0
       0
       0
       0
       0
       0
       0
       0
       0
       0
       0
       1
       0
       0
       0
       0
       0
       0
       0
       0
       0
       0
       0
       0
       0
       0
       0
       0
       0
       0
       0
       1
       0
       0
       0
       0
       0
       0
       0
       0
       0
       0
       0
       0
       0
       0
       0
       0
       0
       0
       0
       0
       0
       0
       0
       0
       0
       0
       0
       0
       0
       0
       0
       0
       0
       0
       0
       0
       0
       0
       0
       0
       0
       0
       0
       0
       0
       0
       0
       0
       0
       0
       0
       0
       0
       1
       0
       0
       0
       0
       0
       0
       0
       0
       0
       0
       0
       0
       0
       1
       0
       0
       0
       0
       0
       0
       0
       0
       0
       0
       1
       0
       0
       0
       0
       0
       0
       0
       0
       0
       0
       0
       0
       0
       0
       0
       0
       0
       0
       0
       0
       0
       0
       0
       0
       0
       0
       0
       0
       0
       0
       0
       0
       0
       1
       0
       0
       0
       0
       0
       0
       0
       0
       0
       0
       0
       0
       0
       0
       0
       0
       0
       0
       0
       1
       0
       0
       0
       0
       0
       0
       0
       0
       0
       0
       0
       0
       0
       0
       0
       0
       0
       0
       0
       0
       0
       1
       0
       0
       1
       0
       0
       0
       0
       0
       0
       0
       0
       0
       0
       0
       0
       0
       0
       0
       0
       0
       0
       0
       0
       0
       0
       0
       0
       0
       0
       0
       0
       0
       0
       1
       0
       0
       0
       0
       0
       0
       0
       0
       0
       0
       0
       0
       0
       0
       0
       0
       0
       0
       0
       0
       0
       0
       0
       0
       0
       0
       0
       0
       0
       1
       1
       0
       0
       0
       0
       0
       0
       0
       0
       0
       0
       0
       0
       0
       0
       0
       0
       0
       0
       0
       0
       0
       0
       0
       0
       0
       0
       0
       0
       0
       0
       0
       0
       0
       0
       0
       0
       0
       0
       0
       0
       0
       0
       0
       0
       0
       0
       0
       0
       0
       0
       0
       0
       0
       0
       0
       0
       0
       0
       0
       0
       0
       0
       0
       0
       0
       0
       0
       0
       0
       0
       0
       0
       0
       0
       0
       0
       0
       0
       0
       0
       0
       0
       0
       0
       0
       0
       0
       0
       0
       0
       0
       0
       0
       0
       0
       0
       0
       0
       0
       1
       0
       0
       0
       0
       0
       0
       1
       0
       0
       0
       0
       0
       1
       0
       0
       0
       0
       0
       0
       0
       0
       1
       0
       0
       0
       0
       0
       0
       0
       0
       0
       0
       0
       0
       0
       0
       1
       0
       0
       0
       1
       0
       0
       0
       0
       0
       0
       0
       0
       0
       0
       0
       0
       0
       0
       0
       0
       0
       0
       0
       0
       0
       1
       0
       0
       0
       0
       0
       0
       0
       0
       0
       0
       0
       0
       0
       0
       0
       0
       0
       0
       1
       0
       0
       0
       0
       0
       0
       0
       0
       0
       0
       0
       0
       0
       0
       0
       0
       0
       0
       0
       0
       0
       0
       0
       0
       0
       0
       0
       1
       0
       0
       0
       0
       0
       0
       0
       0
       0
       0
       0
       0
       0
       0
       1
       0
       0
       0
       0
       0
       0
       0
       0
       0
       0
       0
       0
       0
       0
       0
       0
       0
       0
       0
       0
       0
       0
       0
       0
       0
       0
       0
       0
       0
       0
       0
       0
       0
       0
       1
       0
       0
       1
       0
       0
       0
       0
       0
       0
       0
       0
       0
       0
       1
       0
       0
       0
       0
       0
       0
       0
       0
       0
       0
       0
       0
       0
       0
       0
       0
       0
       0
       0
       0
       0
       0
       0
       0
       0
       0
       0
       0
       0
       0
       0
       0
       0
       0
       0
       0
       0
       0
       0
       0
       0
       0
       0
       0
       0
       0
       0
       0
       0
       0
       0
       0
       0
       0
       0
       0
       0
       0
       0
       0
       0
       0
       0
       0
       0
       0
       0
       0
       0
       0
       0
       0
       0
       0
       0
       0
       0
       0
       0
       0
       0
       1
       0
       0
       0
       0
       0
       0
       0
       0
       0
       0
       0
       0
       0
       0
       0
       0
       0
       0
       0
       0
       0
       0
       1
       0
       0
       0
       0
       0
       0
       0
       0
       0
       0
       0
       0
       0
       0
       0
       0
       0
       0
       0
       0
       0
       0
       0
       0
       0
       0
       0
       0
       0
       0
       0
       0
       0
       0
       0
       1
       0
       0
       0
       0
       0
       0
       0
       0
       0
       0
       0
       0
       0
       0
       0
       0
       0
       0
       0
       0
       0
       1
       1
       0
       0
       0
       0
       0
       0
       0
       0
       0
       0
       0
       0
       0
       0
       0
       0
       0
       0
       0
       0
       1
       0
       0
       0
       0
       0
       0
       0
       0
       0
       0
       1
       0
       0
       0
       0
       0
       0
       0
       0
       0
       0
       0
       0
       0
       0
       0
       0
       0
       0
       0
       0
       0
       0
       0
       0
       0
       0
       0
       0
       1
       0
       0
       0
       0
       0
       0
       0
       0
       0
       0
       0
       0
       0
       0
       0
       0
       0
       0
       0
       0
       0
       0
       0
       0
       0
       0
       0
       0
       0
       0
       0
       0
       0
       0
       0
       0
       0
       0
       0
       0
       0
       0
       0
       0
       1
       0
       0
       0
       0
       0
       0
       0
       0
       0
       0
       0
       0
       0
       0
       1
       0
       0
       0
       0
       0
       0
       0
       0
       0
       0
       0
       0
       0
       0
       0
       0
       0
       0
       0
       0
       0
       0
       0
       0
       0
       0
       0
       0
       0
       0
       1
       0
       0
       0
       0
       0
       0
       0
       0
       0
       0
       0
       0
       0
       0
       0
       0
       0
       0
       0
       0
       0
       0
       0
       0
       0
       0
       0
       0
       0
       0
       0
       0
       0
       0
       1
       0
       0
       0
       0
       0
       0
       0
       0
       0
       0
       0
       0
       0
       0
       0
       0
       0
       0
       0
       0
       0
       0
       0
       0
       0
       0
       0
       0
       0
       0
       0
       0
       0
       1
       0
       0
       0
       0
       0
       0
       0
       0
       0
       0
       0
       0
       0
       0
       0
       0
       0
       0
       0
       0
       0
       0
       0
       0
       0
       0
       0
       0
       0
       0
       0
       0
       0
       0
       0
       0
       0
       0
       0
       0
       0
       0
       0
       0
       1
       0
       0
       0
       0
       0
       0
       0
       0
       0
       0
       0
       0
       0
       0
       0
       0
       0
       0
       0
       0
       0
       0
       0
       0
       0
       0
       0
       0
       1
       0
       0
       0
       0
       0
       0
       0
       0
       0
       0
       0
       0
       0
       0
       0
       0
       0
       0
       0
       0
       0
       0
       0
       0
       0
       0
       0
       0
       0
       0
       1
       0
       0
       0
       0
       0
       0
       0
       0
       0
       0
       0
       0
       0
       0
       0
       0
       0
       0
       0
       0
       0
       0
       0
       0
       0
       0
       0
       0
       0
       0
       0
       0
       0
       1
       0
       0
       0
       0
       0
       0
       0
       0
       0
       0
       0
       0
       1
       0
       0
       0
       1
       0
       0
       0
       0
       0
       0
       0
       0
       0
       0
       0
       0
       0
       0
       0
       0
       0
       0
       0
       0
       0
       0
       0
       0
       0
       0
       0
       0
       0
       0
       0
       0
       0
       0
       0
       0
       0
       0
       0
       0
       0
       0
       0
       0
       0
       0
       0
       0
       0
       0
       0
       0
       0
       0
       0
       0
       0
       0
       0
       0
       0
       0
       0
       0
       0
       0
       0
       0
       0
       0
       0
       0
       0
       0
       0
       0
       0
       0
       0
       0
       0
       1
       0
       0
       0
       0
       0
       0
       0
       0
       0
       0
       1
       0
       0
       0
       0
       0
       0
       0
       0
       0
       0
       0
       0
       0
       0
       0
       0
       0
       0
       0
       0
       0
       0
       0
       0
       0
       0
       0
       0
       0
       0
       0
       0
       0
       0
       0
       0
       0
       0
       0
       0
       0
       0
       0
       0
       0
       0
       0
       0
       0
       0
       0
       0
       0
       0
       0
       0
       0
       0
       0
       0
       0
       0
       0
       0
       0
       0
       0
       0
       0
       0
       0
       0
       0
       0
       0
       0
       0
       0
       0
       0
       0
       0
       0
       0
       0
       0
       0
       0
       0
       0
       0
       0
       0
       0
       0
       0
       0
       0
       0
       0
       0
       0
       0
       0
       0
       0
       0
       0
       0
       0
       0
       0
       0
       0
       0
       0
       0
       0
       1
       0
       0
       0
       0
       0
       0
       0
       0
       0
       0
       0
       0
       0
       0
       0
       0
       0
       0
       0
       0
       0
       0
       0
       0
       0
       0
       0
       0
       0
       0
       0
       0
       0
       0
       0
       0
       0
       0
       0
       0
       1
       0
       0
       0
       0
       0
       0
       0
       0
       0
       0
       0
       0
       0
       0
       0
       0
       0
       1
       0
       0
       0
       0
       0
       0
       0
       0
       0
       0
       0
       0
       0
       0
       0
       0
       0
       0
       1
       0
       0
       0
       0
       0
       0
       0
       0
       0
       1
       0
       1
       0
       0
       0
       1
       0
       0
       0
       0
       0
       0
       0
       0
       0
       0
       0
       0
       0
       0
       0
       0
       0
       0
       0
       0
       0
       0
       0
       0
       1
       0
       0
       0
       0
       0
       0
       0
       0
       0
       0
       0
       0
       0
       0
       0
       0
       0
       0
       0
       0
       0
       0
       0
       0
       0
       0
       0
       0
       0
       0
       0
       0
       0
       0
       0
       0
       0
       0
       0
       0
       0
       0
       0
       0
       0
       1
       0
       0
       0
       0
       0
       0
       0
       0
       0
       0
       0
       0
       0
       0
       0
       0
       0
       0
       0
       0
       0
       0
       0
       0
       0
       0
       0
       0
       0
       0
       0
       0
       0
       0
       0
       0
       0
       0
       0
       0
       0
       0
       0
       0
       0
       0
       0
       0
       0
       0
       0
       0
       0
       0
       0
       0
       0
       0
       0
       0
       0
       0
       0
       0
       0
       0
       0
       0
       0
       0
       0
       0
       0
       0
       0
       0
       0
       0
       0
       0
       0
       0
       0
       0
       0
       0
       0
       0
       0
       0
       0
       0
       0
       1
       0
       0
       0
       0
       0
       0
       0
       0
       0
       0
       0
       0
       0
       0
       0
       0
       0
       0
       0
       0
       0
       0
       0
       0
       0
       0
       0
       0
       0
       0
       0
       0
       0
       0
       0
       0
       0
       0
       0
       0
       0
       0
       0
       0
       0
       0
       0
       0
       0
       0
       0
       0
       0
       0
       0
       0
       0
       0
       0
       0
       0
       0
       0
       0
       1
       0
       0
       0
       0
       0
       0
       0
       1
       0
       0
       0
       0
       0
       0
       0
       0
       0
       0
       0
       0
       0
       0
       0
       0
       0
       0
       0
       0
       0
       0
       0
       0
       0
       0
       0
       0
       0
       0
       0
       0
       0
       0
       0
       0
       0
       0
       0
       0
       0
       0
       0
       0
       0
       0
       0
       0
       0
       0
       0
       0
       0
       0
       0
       0
       0
       0
       0
       0
       0
       0
       0
       0
       0
       0
       0
       0
       0
       0
       0
       0
       0
       0
       0
       0
       0
       0
       0
       0
       0
       0
       0
       0
       0
       0
       0
       0
       0
       0
       0
       0
       0
       0
       0
       0
       0
       0
       0
       1
       0
       0
       0
       0
       0
       0
       0
       0
       0
       0
       0
       0
       0
       0
       0
       0
       0
       0
       0
       1
       0
       1
       0
       0
       0
       0
       0
       0
       0
       0
       0
       0
       0
       1
       0
       0
       0
       0
       0
       0
       0
       1
       0
       0
       1
       0
       0
       1
       0
       0
       0
       0
       0
       0
       0
       0
       0
       0
       0
       0
       0
       0
       0
       0
       0
       0
       0
       0
       0
       0
       0
       0
       0
       0
       0
       0
       0
       0
       0
       0
       0
       0
       0
       0
       0
       0
       0
       0
       0
       0
       0
       0
       0
       0
       0
       0
       0
       0
       0
       0
       0
       0
       0
       0
       0
       0
       0
       0
       0
       1
       0
       0
       0
       0
       0
       0
       0
       0
       0
       0
       0
       0
       0
       0
       0
       1
       0
       0
       0
       0
       0
       0
       0
       0
       0
       0
       0
       0
       0
       0
       0
       0
       0
       0
       0
       0
       0
       0
       0
       1
       0
       0
       0
       0
       0
       0
       0
       0
       0
       0
       0
       1
       0
       0
       0
       0
       0
       0
       0
       0
       0
       0
       0
       0
       0
       0
       0
       0
       0
       0
       0
       0
       0
       0
       0
       0
       0
       0
       0
       0
       0
       0
       0
       0
       0
       0
       0
       0
       0
       0
       0
       0
       0
       0
       0
       0
       0
       0
       1
       0
       0
       1
       0
       0
       0
       0
       0
       0
       0
       0
       0
       0
       0
       0
       0
       0
       0
       0
       0
       0
       0
       0
       0
       0
       0
       0
       0
       0
       0
       0
       0
       0
       0
       0
       0
       0
       0
       0
       0
       0
       0
       0
       0
       0
       0
       0
       0
       0
       0
       0
       0
       0
       0
       0
       0
       0
       0
       0
       0
       0
       0
       0
       0
       0
       0
       0
       0
       0
       0
       0
       0
       0
       0
       0
       0
       0
       0
       0
       0
       0
       0
       0
       0
       0
       0
       0
       0
       0
       0
       0
       0
       0
       0
       0
       0
       0
       0
       0
       0
       0
       0
       0
       0
       0
       0
       0
       0
       0
       0
       0
       0
       0
       0
       0
       0
       0
       0
       0
       0
       0
       0
       0
       0
       0
       0
       1
       0
       0
       0
       0
       0
       0
       0
       0
       0
       0
       0
       0
       0
       0
       0
       0
       0
       0
       0
       0
       0
       0
       0
       0
       0
       0
       0
       0
       0
       1
       0
       0
       0
       0
       0
       0
       0
       0
       0
       0
       0
       0
       0
       0
       0
       0
       0
       0
       1
       0
       0
       0
       0
       0
       0
       0
       0
       0
       0
       0
       0
       0
       0
       0
       0
       0
       0
       0
       0
       0
       0
       0
       0
       0
       0
       0
       0
       0
       0
       0
       0
       0
       0
       0
       0
       0
       0
       0
       0
       0
       0
       0
       0
       0
       0
       0
       0
       1
       0
       0
       0
       0
       0
       0
       0
       0
       0
       0
       0
       0
       0
       0
       0
       0
       0
       0
       0
       0
       0
       0
       0
       0
       0
       0
       0
       0
       0
       0
       0
       0
       0
       0
       0
       0
       0
       0
       0
       0
       0
       0
       0
       0
       0
       1
       0
       0
       0
       0
       0
       0
       0
       0
       0
       0
       0
       0
       0
       0
       0
       0
       0
       0
       0
       0
       0
       0
       0
       0
       0
       0
       0
       0
       1
       0
       0
       0
       0
       0
       0
       0
       0
       0
       0
       0
       0
       0
       0
       0
       0
       0
       0
       0
       0
       0
       0
       0
       0
       0
       0
       0
       0
       0
       0
       0
       0
       0
       0
       0
       0
       0
       0
       0
       0
       0
       0
       0
       1
       0
       0
       0
       0
       0
       0
       0
       0
       0
       0
       0
       0
       0
       0
       0
       0
       0
       0
       0
       0
       0
       0
       0
       0
       0
       0
       0
       0
       0
       0
       0
       0
       0
       0
       0
       0
       1
       0
       0
       0
       0
       0
       0
       0
       0
       0
       0
       0
       0
       0
       0
       0
       0
       0
       0
       0
       0
       0
       0
       0
       0
       0
       0
       0
       0
       0
       0
       0
       0
       0
       0
       0
       0
       0
       0
       0
       0
       0
       0
       1
       0
       0
       0
       0
       0
       0
       0
       0
       0
       0
       0
       0
       0
       0
       0
       0
       0
       0
       0
       0
       0
       0
       0
       0
       1
       0
       0
       0
       0
       0
       0
       0
       0
       0
       0
       0
       0
       0
       0
       0
       0
       0
       0
       0
       0
       0
       0
       0
       0
       0
       0
       0
       0
       0
       0
       0
       0
       0
       0
       0
       0
       0
       0
       0
       0
       0
       0
       0
       0
       0
       1
       0
       0
       0
       0
       0
       0
       0
       0
       0
       1
       0
       0
       0
       0
       1
       0
       0
       0
       0
       0
       0
       0
       0
       0
       0
       0
       0
       0
       0
       0
       0
       0
       0
       0
       0
       0
       0
       1
       0
       0
       0
       0
       0
       0
       0
       0
       0
       0
       0
       0
       0
       0
       0
       0
       0
       0
       0
       0
       0
       0
       0
       0
       0
       0
       0
       0
       0
       0
       0
       0
       0
       0
       0
       0
       0
       0
       0
       0
       0
       0
       0
       0
       1
       0
       0
       0
       0
       0
       0
       0
       0
       0
       0
       0
       1
       0
       0
       0
       0
       0
       0
       0
       0
       0
       0
       1
       1
       0
       1
       0
       0
       0
       0
       0
       0
       0
       0
       0
       1
       1
       0
       0
       1
       1
       0
       0
       1
       0
       0
       0
       0
       1
       1
       1
       0
       1
       0
       0
       1
       0
       0
       0
       0
       0
       0
       0
       0
       0
       0
       0
       1
       0
       0
       2
       1
       0
       1
       0
       0
       1
       0
       0
       1
       1
       0
       0
       0
       0
       0
       0
       0
       0
       0
       0
       0
       0
       0
       1
       0
       0
       0
       0
       0
       2
       1
       0
       0
       0
       0
       0
       0
       0
       0
       0
       0
       0
       1
       0
       0
       0
       1
       0
       0
       0
       1
       0
       0
       0
       0
       1
       0
       1
       0
       2
       0
       0
       0
       0
       0
       0
       2
       2
       2
       0
       0
       0
       0
       0
       0
       0
       0
       1
       0
       1
       0
       0
       0
       0
       1
       0
       1
       1
       0
       0
       1
       1
       0
       0
       0
       1
       1
       0
       0
       0
       0
       1
       0
       0
       0
       1
       0
       1
       0
       0
       0
       0
       0
       0
       0
       0
       0
       0
       1
       0
       0
       1
       0
       1